2232 135.83 2092208 2209
2x3/abadac 0 0 0
1x1/ac78ba 2 0 0
2x2/ac78ba 3 0 0
2x3/ac78ba 5 0 0
1x1/8d73b3 7 0 0
1x1/8d73b3 8 0 0
1x1/8d73b3 9 0 0
2x2/8d73b3 10 0 0
3x3/8d73b3 12 0 0
3x3/8d73b3 15 0 0
3x3/8d73b3 18 0 0
2x4/6874ca 21 0 0
1x1/4354a3 23 0 0
2x2/4354a3 24 0 0
4x4/4354a3 26 0 0
2x4/4354a3 30 0 0
2x2/2032b0 32 0 0
4x4/0055bf 34 0 0
6x6/0055bf 38 0 0
8x8/0055bf 44 0 0
8x8/0055bf 52 0 0
4x8/0055bf 60 0 0
1x2/a5a9b4 2 1 0
3x3/ac78ba 7 1 0
1x1/6074a1 23 1 0
1x2/a5a9b4 3 2 0
1x1/ac78ba 4 2 0
2x2/ac78ba 10 2 0
1x6/6874ca 23 2 0
1x1/6074a1 24 2 0
1x2/4354a3 25 2 0
1x1/2032b0 32 2 0
1x2/0055bf 33 2 0
2x4/e4adc8 0 3 0
1x1/abadac 2 3 0
1x1/a5a9b4 4 3 0
1x3/a5a5cb 5 3 0
1x1/ac78ba 6 3 0
1x1/ac78ba 12 3 0
2x2/9195ca 13 3 0
1x1/9195ca 15 3 0
1x1/9195ca 16 3 0
1x6/9195ca 17 3 0
1x1/8d73b3 18 3 0
2x2/8d73b3 19 3 0
1x6/6874ca 24 3 0
1x3/4354a3 32 3 0
1x5/e4adc8 2 4 0
2x2/afb5c7 3 4 0
3x3/a5a5cb 6 4 0
3x3/a5a5cb 9 4 0
1x1/9195ca 12 4 0
1x10/a5a5cb 15 4 0
1x2/a5a5cb 16 4 0
1x6/9195ca 18 4 0
1x1/6874ca 21 4 0
1x4/6874ca 22 4 0
1x6/6874ca 25 4 0
1x1/4354a3 26 4 0
1x1/4354a3 27 4 0
1x1/4354a3 28 4 0
1x1/4354a3 29 4 0
1x1/4354a3 30 4 0
1x2/4354a3 31 4 0
1x2/4354a3 33 4 0
1x1/0055bf 34 4 0
2x2/0055bf 35 4 0
1x2/0055bf 37 4 0
3x3/a5a5cb 12 5 0
1x6/9195ca 19 5 0
1x1/8d73b3 20 5 0
1x2/8d73b3 21 5 0
1x6/6874ca 26 5 0
1x1/4c61db 27 5 0
3x3/4c61db 28 5 0
1x1/4354a3 34 5 0
1x4/e4adc8 3 6 0
1x1/afb5c7 4 6 0
1x1/afb5c7 5 6 0
1x2/9195ca 16 6 0
1x1/9195ca 20 6 0
1x6/6874ca 27 6 0
4x4/4c61db 31 6 0
4x6/4c61db 35 6 0
1x6/4c61db 39 6 0
1x1/0055bf 40 6 0
1x1/0055bf 41 6 0
2x2/0055bf 42 6 0
1x1/abadac 0 7 0
1x1/e4adc8 1 7 0
2x4/e4adc8 4 7 0
1x1/afb5c7 6 7 0
1x1/a5a5cb 7 7 0
1x1/a5a5cb 8 7 0
1x1/afb5c7 9 7 0
1x1/a5a5cb 10 7 0
1x2/a5a5cb 11 7 0
1x1/8d73b3 20 7 0
1x1/7396c8 21 7 0
2x6/4c61db 40 7 0
1x4/3e3c39 0 8 0
1x1/96709f 1 8 0
1x1/e4adc8 6 8 0
1x2/afb5c7 7 8 0
1x1/e4adc8 8 8 0
1x2/e4adc8 9 8 0
1x1/afb5c7 10 8 0
2x2/a5a5cb 12 8 0
1x4/a5a5cb 14 8 0
1x6/a5a5cb 16 8 0
2x6/9195ca 20 8 0
1x1/7396c8 22 8 0
1x1/6874ca 23 8 0
1x5/6874ca 28 8 0
1x1/4c61db 29 8 0
1x2/4c61db 30 8 0
2x4/4c61db 42 8 0
1x1/0055bf 44 8 0
1x1/0055bf 45 8 0
1x1/0055bf 46 8 0
1x1/0055bf 47 8 0
2x2/0055bf 48 8 0
2x2/0055bf 50 8 0
2x2/0055bf 52 8 0
2x2/0055bf 54 8 0
1x2/0055bf 56 8 0
1x1/0055bf 57 8 0
1x1/0055bf 58 8 0
1x1/0055bf 59 8 0
1x1/0055bf 60 8 0
1x1/0055bf 61 8 0
2x4/078bc9 62 8 0
1x3/3e3c39 1 9 0
1x1/845e84 2 9 0
1x1/afb5c7 6 9 0
1x1/afb5c7 8 9 0
1x1/e4adc8 10 9 0
1x5/afb5c7 11 9 0
1x6/a5a5cb 17 9 0
1x6/9195ca 22 9 0
1x1/7396c8 23 9 0
1x1/6874ca 24 9 0
1x4/6874ca 29 9 0
1x1/1591cb 44 9 0
1x1/1591cb 45 9 0
1x1/078bc9 46 9 0
1x1/078bc9 47 9 0
3x3/078bc9 57 9 0
2x3/078bc9 60 9 0
1x2/3e3c39 2 10 0
1x1/845e84 3 10 0
3x3/e4adc8 6 10 0
1x1/afb5c7 9 10 0
1x2/afb5c7 10 10 0
1x6/afb5c7 12 10 0
1x1/a5a5cb 13 10 0
1x6/a5a5cb 18 10 0
1x2/9195ca 23 10 0
1x4/7396c8 24 10 0
1x1/6874ca 25 10 0
1x4/6874ca 30 10 0
1x1/4c61db 31 10 0
1x1/4c61db 32 10 0
2x2/4c61db 33 10 0
2x2/4c61db 44 10 0
1x3/4c61db 46 10 0
1x1/1591cb 47 10 0
1x1/1591cb 48 10 0
1x1/1591cb 49 10 0
1x1/078bc9 50 10 0
1x1/078bc9 51 10 0
1x1/078bc9 52 10 0
1x2/078bc9 53 10 0
1x1/078bc9 54 10 0
1x1/078bc9 55 10 0
1x1/078bc9 56 10 0
1x1/3e3c39 3 11 0
1x1/845e84 4 11 0
1x1/e4adc8 5 11 0
1x4/e4adc8 9 11 0
1x5/afb5c7 13 11 0
1x1/9195ca 19 11 0
1x3/7396c8 25 11 0
1x1/6874ca 26 11 0
2x2/6874ca 31 11 0
2x2/4c61db 47 11 0
1x2/4c61db 49 11 0
1x1/1591cb 50 11 0
1x1/1591cb 51 11 0
1x1/1591cb 52 11 0
1x2/1591cb 54 11 0
1x1/1591cb 55 11 0
1x1/1591cb 56 11 0
1x1/1b2a34 0 12 0
1x2/1b2a34 1 12 0
1x1/1b2a34 2 12 0
1x3/1b2a34 3 12 0
1x1/5e3f33 4 12 0
1x1/845e84 5 12 0
1x3/e4adc8 10 12 0
1x4/afb5c7 14 12 0
1x4/a5a5cb 19 12 0
1x1/7396c8 23 12 0
2x2/7396c8 26 12 0
1x1/6874ca 33 12 0
1x1/6874ca 34 12 0
2x2/5a93db 35 12 0
2x2/5a93db 37 12 0
1x1/4c61db 39 12 0
1x1/4c61db 42 12 0
2x4/5a93db 43 12 0
1x1/4c61db 45 12 0
1x1/4c61db 50 12 0
1x1/4c61db 51 12 0
1x1/3592c3 52 12 0
1x1/1591cb 53 12 0
2x2/3592c3 55 12 0
1x1/1591cb 57 12 0
1x2/1591cb 58 12 0
1x1/1591cb 59 12 0
1x1/1591cb 60 12 0
1x1/1591cb 61 12 0
1x1/1591cb 62 12 0
1x1/1591cb 63 12 0
1x1/3e3c39 0 13 0
1x1/0a1327 2 13 0
1x2/57392c 4 13 0
1x1/57392c 5 13 0
1x1/6b5a5a 6 13 0
1x1/ac78ba 7 13 0
1x1/e4adc8 8 13 0
1x2/9195ca 23 13 0
2x2/7396c8 28 13 0
1x1/6874ca 31 13 0
2x2/5a93db 32 13 0
1x3/5a93db 34 13 0
2x2/5a93db 39 13 0
2x2/5a93db 41 13 0
3x3/5a93db 45 13 0
3x3/5a93db 48 13 0
2x4/5a93db 51 13 0
1x1/3592c3 53 13 0
1x1/3592c3 54 13 0
1x1/3592c3 57 13 0
1x1/3592c3 59 13 0
1x1/3592c3 60 13 0
1x1/3592c3 61 13 0
1x1/3592c3 62 13 0
1x1/3592c3 63 13 0
1x1/5e3f33 0 14 0
1x1/57392c 1 14 0
1x1/1b2a34 2 14 0
1x2/3e3c39 5 14 0
1x1/57392c 6 14 0
1x1/6b5a5a 7 14 0
1x1/ac78ba 8 14 0
1x2/e4adc8 11 14 0
1x1/a5a5cb 15 14 0
1x1/a5a5cb 16 14 0
2x2/a5a5cb 20 14 0
2x2/9391e4 24 14 0
2x2/9391e4 26 14 0
2x2/7396c8 30 14 0
1x1/5a93db 35 14 0
2x2/7396c8 36 14 0
1x1/7396c8 38 14 0
3x3/5a93db 53 14 0
3x3/5a93db 56 14 0
3x3/5a93db 59 14 0
2x4/5a93db 62 14 0
1x1/6b5a5a 0 15 0
1x1/4d4c52 1 15 0
1x1/3e3c39 2 15 0
1x1/57392c 3 15 0
1x2/3e3c39 4 15 0
1x5/1b2a34 6 15 0
1x1/57392c 7 15 0
1x1/4d4c52 8 15 0
1x1/845e84 9 15 0
1x1/a5a9b4 10 15 0
1x1/afb5c7 15 15 0
1x1/afb5c7 16 15 0
1x1/a5a5cb 17 15 0
2x2/a5a5cb 22 15 0
2x2/9391e4 28 15 0
1x1/7396c8 32 15 0
1x1/7396c8 33 15 0
1x1/7396c8 35 15 0
4x4/9391e4 38 15 0
1x2/5a93db 42 15 0
1x2/4d4c52 0 16 0
1x1/6b5a5a 1 16 0
1x1/4d4c52 2 16 0
1x1/6b5a5a 3 16 0
1x3/1b2a34 5 16 0
1x2/3e3c39 7 16 0
1x1/3e3c39 8 16 0
1x2/3e3c39 9 16 0
1x1/4d4c52 10 16 0
1x1/a5a9b4 11 16 0
1x1/e4adc8 12 16 0
1x1/c9cae2 13 16 0
4x4/c9cae2 14 16 0
1x1/afb5c7 18 16 0
1x1/afb5c7 19 16 0
1x1/afb5c7 20 16 0
1x1/afb5c7 21 16 0
1x1/a5a5cb 24 16 0
1x1/a5a5cb 25 16 0
1x2/a5a5cb 26 16 0
1x1/a5a5cb 27 16 0
2x2/9391e4 30 16 0
4x4/9391e4 32 16 0
2x4/9391e4 36 16 0
1x1/5a93db 43 16 0
1x1/5a93db 44 16 0
1x1/5a93db 45 16 0
1x1/5a93db 46 16 0
1x1/5a93db 47 16 0
3x3/9391e4 48 16 0
1x1/5e3f33 1 17 0
1x4/6b5a5a 2 17 0
1x1/845e84 3 17 0
1x2/6b5a5a 4 17 0
1x1/57392c 8 17 0
1x2/3e3c39 10 17 0
1x1/6b5a5a 11 17 0
1x1/afb5c7 12 17 0
1x2/e4adc8 13 17 0
2x3/c9cae2 18 17 0
2x2/c9cae2 20 17 0
2x2/c9cae2 22 17 0
1x2/c9cae2 24 17 0
1x1/c9cae2 25 17 0
1x2/a3a9ff 27 17 0
1x1/a5a5cb 28 17 0
1x1/9391e4 29 17 0
3x3/9391e4 42 17 0
3x3/9391e4 45 17 0
2x2/9391e4 51 17 0
1x2/9391e4 53 17 0
1x1/5a93db 54 17 0
1x2/9391e4 55 17 0
1x1/9391e4 56 17 0
1x1/9391e4 57 17 0
1x3/a3a9ff 58 17 0
1x1/9391e4 59 17 0
1x3/9391e4 60 17 0
1x1/5a93db 61 17 0
1x1/6b5a5a 0 18 0
1x1/4d4c52 1 18 0
1x1/6b5a5a 3 18 0
1x2/1b2a34 7 18 0
1x1/582a12 8 18 0
1x3/352100 9 18 0
1x1/4d4c52 11 18 0
1x1/845e84 12 18 0
1x1/a3a9ff 25 18 0
1x1/a3a9ff 26 18 0
1x1/a3a9ff 28 18 0
2x2/a3a9ff 29 18 0
1x3/a3a9ff 31 18 0
1x1/9391e4 54 18 0
1x1/a3a9ff 56 18 0
1x1/a3a9ff 57 18 0
1x2/a3a9ff 59 18 0
2x2/9391e4 61 18 0
1x2/9391e4 63 18 0
1x1/845e84 0 19 0
1x2/6b5a5a 1 19 0
1x1/645a4c 3 19 0
1x2/645a4c 4 19 0
1x1/3e3c39 5 19 0
1x12/352100 8 19 0
1x4/1b2a34 10 19 0
1x1/3e3c39 11 19 0
1x1/4d4c52 12 19 0
1x1/ac78ba 13 19 0
1x1/e4adc8 20 19 0
1x1/abadac 21 19 0
1x1/bd7d85 22 19 0
1x1/96709f 23 19 0
1x1/a5a5cb 24 19 0
1x1/c9cae2 25 19 0
2x2/c9cae2 26 19 0
1x2/c9cae2 28 19 0
1x1/9391e4 38 19 0
1x1/9391e4 39 19 0
1x1/9391e4 40 19 0
1x1/9391e4 41 19 0
1x1/9391e4 48 19 0
1x1/9391e4 49 19 0
1x1/9391e4 50 19 0
2x2/a3a9ff 51 19 0
1x2/a3a9ff 53 19 0
1x1/a3a9ff 54 19 0
1x1/a3a9ff 55 19 0
1x1/9fc3e9 56 19 0
1x1/b4d4f7 57 19 0
1x1/6b5a5a 0 20 0
1x2/6b5a5a 3 20 0
1x1/6b5a5a 5 20 0
2x2/3e3c39 6 20 0
1x2/57392c 11 20 0
1x1/3e3c39 12 20 0
1x1/4d4c52 13 20 0
1x1/a5a5cb 14 20 0
1x1/e4adc8 15 20 0
1x1/e4adc8 16 20 0
1x1/a5a5cb 17 20 0
1x1/ac78ba 18 20 0
1x1/96709f 19 20 0
1x1/845e84 20 20 0
1x1/845e84 21 20 0
1x2/ae7a59 22 20 0
1x1/945148 23 20 0
1x1/96709f 24 20 0
1x1/afb5c7 25 20 0
1x1/c9cae2 29 20 0
1x1/a3a9ff 30 20 0
1x1/a3a9ff 32 20 0
2x2/a3a9ff 33 20 0
2x2/a3a9ff 35 20 0
2x2/a3a9ff 37 20 0
2x2/a3a9ff 39 20 0
1x1/a3a9ff 41 20 0
1x1/a3a9ff 42 20 0
1x1/a3a9ff 43 20 0
1x1/a3a9ff 44 20 0
1x1/a3a9ff 45 20 0
1x1/a3a9ff 46 20 0
1x1/a3a9ff 47 20 0
1x1/a3a9ff 48 20 0
1x1/a3a9ff 49 20 0
1x1/a3a9ff 50 20 0
1x1/b4d4f7 54 20 0
1x1/c9cae2 55 20 0
1x3/e1d5ed 56 20 0
1x3/c9cae2 57 20 0
2x2/9fc3e9 58 20 0
2x2/9fc3e9 60 20 0
1x3/9fc3e9 62 20 0
1x1/9fc3e9 63 20 0
1x1/57392c 0 21 0
1x1/5e3f33 1 21 0
1x1/5e3f33 2 21 0
1x1/6b5a5a 4 21 0
1x1/4d4c52 5 21 0
1x1/0a1327 9 21 0
1x1/1b2a34 12 21 0
1x2/1b2a34 13 21 0
1x1/845e84 14 21 0
1x1/9c9c9c 15 21 0
1x1/96709f 16 21 0
3x3/845e84 17 21 0
1x2/595d60 20 21 0
1x5/6b5a5a 21 21 0
1x1/d67572 23 21 0
1x3/845e84 24 21 0
1x1/9195ca 25 21 0
1x1/c9cae2 26 21 0
1x1/ac78ba 27 21 0
1x1/96709f 28 21 0
1x1/96709f 29 21 0
1x1/a5a5cb 30 21 0
1x1/c9cae2 31 21 0
1x3/c9cae2 32 21 0
1x1/9fc3e9 41 21 0
1x1/9fc3e9 42 21 0
1x1/9fc3e9 43 21 0
1x1/9fc3e9 44 21 0
1x1/9fc3e9 45 21 0
1x1/9fc3e9 46 21 0
1x1/9fc3e9 47 21 0
1x1/9fc3e9 48 21 0
1x1/9fc3e9 49 21 0
1x1/9fc3e9 50 21 0
1x1/9fc3e9 51 21 0
1x1/9fc3e9 52 21 0
1x1/9fc3e9 53 21 0
1x2/c9cae2 54 21 0
1x1/e1d5ed 55 21 0
1x2/afb5c7 63 21 0
1x1/3e3c39 0 22 0
1x1/3e3c39 1 22 0
1x1/57392c 2 22 0
1x1/57392c 3 22 0
1x1/4d4c52 4 22 0
1x1/5e3f33 5 22 0
1x1/3e3c39 6 22 0
1x2/1b2a34 7 22 0
1x1/352100 9 22 0
1x1/3e3c39 11 22 0
1x4/57392c 12 22 0
1x1/1b2a34 14 22 0
1x1/616161 15 22 0
1x1/845e84 16 22 0
1x3/845e84 22 22 0
1x1/958a73 23 22 0
1x1/845e84 25 22 0
1x1/96709f 26 22 0
1x5/845e84 27 22 0
1x1/845e84 28 22 0
2x2/845e84 29 22 0
1x1/a5a5cb 31 22 0
1x1/c9cae2 33 22 0
1x1/c9cae2 34 22 0
1x1/c9cae2 35 22 0
1x1/c9cae2 36 22 0
1x1/c9cae2 37 22 0
1x1/c9cae2 38 22 0
1x1/c9cae2 39 22 0
1x2/c9cae2 40 22 0
1x1/c9cae2 41 22 0
1x1/c9cae2 42 22 0
1x1/c9cae2 43 22 0
1x1/c9cae2 44 22 0
1x1/c9cae2 45 22 0
1x1/c9cae2 46 22 0
1x1/e4adc8 47 22 0
1x1/cca373 48 22 0
1x1/abadac 49 22 0
1x1/c9cae2 50 22 0
1x1/c9cae2 51 22 0
1x1/c9cae2 52 22 0
1x1/c9cae2 53 22 0
1x1/e4adc8 55 22 0
2x2/c9cae2 58 22 0
1x1/b4d2e3 60 22 0
1x1/b4d2e3 61 22 0
1x2/1b2a34 0 23 0
1x1/1b2a34 1 23 0
1x3/1b2a34 2 23 0
1x2/352100 3 23 0
1x2/1b2a34 4 23 0
1x1/0a1327 5 23 0
1x4/352100 6 23 0
1x1/0a1327 9 23 0
1x1/3e3c39 10 23 0
1x2/57392c 11 23 0
1x1/3e3c39 13 23 0
1x1/0a1327 14 23 0
1x1/3e3c39 15 23 0
1x1/595d60 16 23 0
1x1/4d4c52 20 23 0
1x1/845e84 23 23 0
1x1/595d60 25 23 0
1x2/845e84 26 23 0
1x3/6b5a5a 28 23 0
1x1/96709f 31 23 0
1x1/e4adc8 33 23 0
1x1/abadac 34 23 0
1x1/abadac 35 23 0
1x1/e1d5ed 36 23 0
1x1/e1d5ed 37 23 0
1x1/e4adc8 38 23 0
1x1/e4adc8 39 23 0
1x1/e1d5ed 41 23 0
1x1/e1d5ed 42 23 0
1x1/e1d5ed 43 23 0
1x1/fecccf 44 23 0
1x1/e4cd9e 45 23 0
1x1/e4cd9e 46 23 0
1x1/cca373 47 23 0
1x3/b67b50 48 23 0
1x1/ae7a59 49 23 0
1x1/a0a5a9 50 23 0
1x1/e1d5ed 51 23 0
1x1/e1d5ed 52 23 0
1x1/e4adc8 53 23 0
1x1/bd7d85 54 23 0
1x1/bd7d85 55 23 0
1x1/e4adc8 56 23 0
1x1/d4d5c9 57 23 0
1x1/c9cae2 60 23 0
1x1/c9cae2 61 23 0
1x1/c9cae2 62 23 0
1x1/c9cae2 63 23 0
1x1/3e3c39 1 24 0
1x1/05131d 5 24 0
1x4/352100 7 24 0
1x2/352100 9 24 0
1x1/582a12 10 24 0
1x2/57392c 13 24 0
1x1/1b2a34 14 24 0
1x2/0a1327 15 24 0
1x1/3e3c39 16 24 0
1x1/6b5a5a 17 24 0
1x1/845e84 18 24 0
1x1/845e84 19 24 0
1x3/6b5a5a 20 24 0
1x2/6b5a5a 23 24 0
1x1/6b5a5a 24 24 0
1x1/6b5a5a 25 24 0
1x1/945148 29 24 0
1x2/945148 30 24 0
1x1/845e84 31 24 0
1x1/845e84 32 24 0
1x1/96709f 33 24 0
1x1/845e84 34 24 0
1x2/845e84 35 24 0
1x1/abadac 36 24 0
1x1/e4adc8 37 24 0
1x1/cca373 38 24 0
1x1/bd7d85 39 24 0
1x1/abadac 40 24 0
1x1/f6b7bf 41 24 0
1x1/dec69c 42 24 0
1x1/dec69c 43 24 0
1x1/dcbc81 44 24 0
1x1/f7ad63 45 24 0
1x1/f7ad63 46 24 0
1x1/dd9e47 47 24 0
1x1/b67b50 49 24 0
1x1/845e84 50 24 0
1x1/ac78ba 51 24 0
1x1/abadac 52 24 0
1x1/bd7d85 53 24 0
2x3/ae7a59 54 24 0
1x1/d09168 56 24 0
1x1/dcbc81 57 24 0
1x1/cdc298 58 24 0
1x1/e4adc8 59 24 0
1x1/e4adc8 60 24 0
1x1/cdc298 61 24 0
1x1/cca373 62 24 0
1x1/abadac 63 24 0
1x2/3e3c39 0 25 0
1x2/4d4c52 1 25 0
1x1/3e3c39 3 25 0
1x1/57392c 4 25 0
1x1/0a1327 5 25 0
1x1/352100 10 25 0
1x1/3e3c39 11 25 0
1x1/3e3c39 14 25 0
1x2/0a1327 16 25 0
1x1/3e3c39 17 25 0
1x1/6b5a5a 18 25 0
1x2/6b5a5a 19 25 0
1x1/6b5a5a 22 25 0
2x4/4d4c52 24 25 0
1x1/6b5a5a 26 25 0
1x2/6b5a5a 29 25 0
1x5/6b5a5a 31 25 0
1x3/4d4c52 32 25 0
1x1/6b5a5a 33 25 0
1x4/6b5a5a 34 25 0
1x1/845e84 36 25 0
1x1/96709f 37 25 0
2x2/845e84 38 25 0
1x3/845e84 40 25 0
1x1/bd7d85 41 25 0
1x1/ae7a59 42 25 0
1x1/d09168 43 25 0
1x1/d09168 44 25 0
1x1/d09168 45 25 0
1x1/d09168 46 25 0
1x1/b67b50 47 25 0
1x2/d09168 49 25 0
1x1/ae7a59 50 25 0
1x1/845e84 51 25 0
1x1/845e84 52 25 0
1x2/907450 53 25 0
1x3/ae7a59 56 25 0
1x1/b48455 57 25 0
1x3/d09168 58 25 0
1x1/d09168 59 25 0
1x1/d09168 60 25 0
1x1/d09168 61 25 0
1x1/dd9e47 62 25 0
1x2/b67b50 63 25 0
1x1/3e3c39 2 26 0
1x1/57392c 3 26 0
1x1/764d3b 4 26 0
1x4/57392c 5 26 0
1x1/1b2a34 9 26 0
1x1/1b2a34 10 26 0
2x2/1b2a34 11 26 0
1x1/352100 13 26 0
1x1/1b2a34 14 26 0
1x1/1b2a34 15 26 0
1x1/1b2a34 17 26 0
1x1/4d4c52 18 26 0
1x1/4d4c52 21 26 0
1x1/4d4c52 22 26 0
1x1/4d4c52 23 26 0
1x2/4d4c52 26 26 0
1x4/845e84 28 26 0
1x2/6b5a5a 30 26 0
1x2/4d4c52 33 26 0
1x1/6b5a5a 35 26 0
1x1/6b5a5a 36 26 0
1x1/6b5a5a 37 26 0
1x3/845e84 41 26 0
1x1/907450 42 26 0
1x2/ae7a59 43 26 0
1x1/b48455 44 26 0
2x2/ae7a59 45 26 0
1x1/ae7a59 47 26 0
1x1/ae7a59 48 26 0
1x1/d09168 50 26 0
1x2/945148 51 26 0
1x4/6b5a5a 52 26 0
1x4/ae7a59 57 26 0
1x1/dd9e47 59 26 0
1x1/b48455 60 26 0
1x2/dd9e47 61 26 0
1x1/f7ad63 62 26 0
1x1/6b5a5a 0 27 0
1x1/3e3c39 1 27 0
1x1/1b2a34 2 27 0
1x2/3e3c39 3 27 0
1x1/57392c 4 27 0
1x1/582a12 6 27 0
1x1/3e3c39 9 27 0
1x1/3e3c39 10 27 0
1x1/0a1327 13 27 0
1x1/05131d 14 27 0
2x2/05131d 15 27 0
1x1/0a1327 17 27 0
1x1/3e3c39 18 27 0
1x1/5e3f33 19 27 0
1x1/764d3b 20 27 0
1x1/5e3f33 21 27 0
2x4/3e3c39 22 27 0
1x4/6b5a5a 27 27 0
1x1/845e84 29 27 0
1x1/4d4c52 35 27 0
1x2/4d4c52 36 27 0
1x1/4d4c52 37 27 0
1x1/6b5a5a 38 27 0
1x1/6b5a5a 39 27 0
1x1/958a73 42 27 0
1x1/ae7a59 44 27 0
1x1/945148 47 27 0
1x1/945148 48 27 0
1x1/ae7a59 49 27 0
1x1/ae7a59 50 27 0
1x1/845e84 53 27 0
1x1/907450 54 27 0
1x1/ae7a59 55 27 0
1x1/fcb76d 59 27 0
1x1/dd9e47 60 27 0
1x1/dd9e47 62 27 0
1x1/ac8247 63 27 0
1x1/bd7d85 0 28 0
1x1/6b5a5a 1 28 0
1x1/5e3f33 2 28 0
1x1/3e3c39 4 28 0
1x2/57392c 6 28 0
1x1/582a12 7 28 0
1x1/1b2a34 9 28 0
1x1/4d4c52 10 28 0
1x1/4d4c52 11 28 0
1x1/3e3c39 12 28 0
1x1/1b2a34 13 28 0
1x1/352100 14 28 0
1x1/05131d 17 28 0
1x2/0a1327 18 28 0
1x1/57392c 19 28 0
1x1/5e3f33 20 28 0
1x3/3e3c39 21 28 0
1x2/6b5a5a 26 28 0
1x2/bd7d85 29 28 0
1x1/845e84 30 28 0
1x2/6b5a5a 32 28 0
1x1/6b5a5a 33 28 0
1x2/6b5a5a 35 28 0
1x1/5e3f33 37 28 0
2x2/764d3b 38 28 0
1x1/6b5a5a 40 28 0
1x4/845e84 42 28 0
1x1/907450 43 28 0
1x1/945148 44 28 0
1x1/945148 45 28 0
1x1/945148 46 28 0
2x2/6b5a5a 47 28 0
1x1/945148 49 28 0
2x2/6b5a5a 50 28 0
1x1/6b5a5a 53 28 0
1x1/6b5a5a 54 28 0
1x2/845e84 55 28 0
1x1/907450 56 28 0
1x1/ae7a59 58 28 0
1x1/d09168 59 28 0
1x1/d09168 60 28 0
1x1/d09168 61 28 0
1x1/aa7f2e 62 28 0
1x1/7c503a 63 28 0
1x1/958a73 0 29 0
1x1/bd7d85 1 29 0
1x1/958a73 2 29 0
1x1/6b5a5a 3 29 0
1x1/5e3f33 4 29 0
1x1/583927 7 29 0
1x2/352100 9 29 0
1x2/3e3c39 10 29 0
1x1/6b5a5a 11 29 0
1x1/6b5a5a 12 29 0
1x1/3e3c39 13 29 0
1x1/57392c 14 29 0
1x2/3e3c39 15 29 0
1x1/3e3c39 16 29 0
1x1/3e3c39 17 29 0
1x1/1b2a34 19 29 0
1x2/3e3c39 20 29 0
1x1/6b5a5a 24 29 0
1x2/845e84 25 29 0
1x2/907450 30 29 0
1x1/945148 33 29 0
1x1/907450 34 29 0
1x1/764d3b 36 29 0
1x1/764d3b 37 29 0
1x2/764d3b 40 29 0
1x3/6b5a5a 41 29 0
2x2/6b5a5a 43 29 0
1x1/6b5a5a 45 29 0
1x1/6b5a5a 46 29 0
1x2/6b5a5a 49 29 0
1x1/845e84 53 29 0
1x1/845e84 54 29 0
1x1/ae7a59 56 29 0
1x1/907450 58 29 0
1x1/aa7d55 59 29 0
1x1/ab673a 60 29 0
1x1/915c3c 61 29 0
1x1/5c5030 62 29 0
1x1/582a12 63 29 0
1x1/845e84 0 30 0
1x1/958a73 1 30 0
1x1/bd7d85 2 30 0
1x1/958a73 3 30 0
1x1/6b5a5a 4 30 0
1x1/5e3f33 5 30 0
1x1/583927 6 30 0
1x2/582a12 7 30 0
1x1/845e84 11 30 0
1x1/958a73 12 30 0
1x1/645a4c 13 30 0
1x1/5e3f33 14 30 0
1x1/5e3f33 16 30 0
1x2/5e3f33 17 30 0
1x1/3e3c39 18 30 0
1x2/3e3c39 19 30 0
1x1/845e84 24 30 0
1x3/845e84 26 30 0
1x1/6b5a5a 28 30 0
1x1/958a73 29 30 0
1x1/755945 31 30 0
1x1/755945 32 30 0
1x1/ae7a59 33 30 0
1x1/bd7d85 34 30 0
1x1/ae7a59 35 30 0
1x1/945148 36 30 0
1x1/755945 37 30 0
1x1/4d4c52 38 30 0
1x1/5e3f33 39 30 0
1x1/845e84 45 30 0
1x1/845e84 46 30 0
1x1/907450 47 30 0
1x1/945148 48 30 0
1x1/845e84 50 30 0
1x1/845e84 51 30 0
1x1/958a73 52 30 0
1x1/958a73 53 30 0
1x1/ae7a59 54 30 0
1x1/907450 55 30 0
1x1/907450 56 30 0
1x1/7c503a 57 30 0
1x1/764d3b 58 30 0
1x1/5c5030 59 30 0
1x1/583927 60 30 0
1x2/582a12 61 30 0
1x8/352100 62 30 0
1x1/352100 63 30 0
1x2/907450 0 31 0
1x1/845e84 1 31 0
1x1/845e84 2 31 0
1x1/bd7d85 3 31 0
1x1/958a73 4 31 0
1x1/6b5a5a 5 31 0
1x1/57392c 6 31 0
1x3/352100 8 31 0
1x1/1b2a34 9 31 0
1x1/5e3f33 10 31 0
1x1/ae7a59 11 31 0
2x2/ae7a59 12 31 0
1x1/945148 14 31 0
1x1/5e3f33 15 31 0
1x1/57392c 16 31 0
1x1/5e3f33 18 31 0
1x2/1b2a34 20 31 0
1x1/57392c 21 31 0
1x1/5e3f33 22 31 0
1x1/3e3c39 23 31 0
1x1/4d4c52 24 31 0
1x1/6b5a5a 25 31 0
1x1/958a73 27 31 0
3x3/bd7d85 28 31 0
1x1/ae7a59 31 31 0
1x1/945148 32 31 0
1x1/945148 33 31 0
1x2/ae7a59 34 31 0
1x1/bd7d85 35 31 0
1x2/ae7a59 36 31 0
1x1/945148 37 31 0
1x1/755945 38 31 0
1x1/6b5a5a 39 31 0
1x1/945148 40 31 0
1x1/845e84 43 31 0
1x1/958a73 44 31 0
1x1/bd7d85 45 31 0
1x1/bd7d85 46 31 0
1x1/bd7d85 47 31 0
1x1/bd7d85 48 31 0
1x1/ae7a59 49 31 0
1x1/907450 50 31 0
1x1/755945 51 31 0
1x1/755945 52 31 0
1x1/5c5030 53 31 0
1x1/5d5c36 54 31 0
1x1/5c5030 55 31 0
1x1/583927 56 31 0
4x8/352100 57 31 0
1x1/582a12 63 31 0
1x1/907450 1 32 0
1x1/907450 2 32 0
1x1/845e84 3 32 0
1x1/845e84 4 32 0
1x1/958a73 5 32 0
1x1/764d3b 6 32 0
1x2/583927 7 32 0
1x1/352100 9 32 0
1x1/764d3b 10 32 0
1x1/907450 11 32 0
1x3/ae7a59 14 32 0
1x1/945148 15 32 0
1x1/5e3f33 16 32 0
1x1/57392c 17 32 0
1x1/1b2a34 18 32 0
1x1/1b2a34 19 32 0
1x1/352100 21 32 0
1x1/582a12 22 32 0
1x1/1b2a34 23 32 0
1x1/0a1327 24 32 0
1x1/3e3c39 25 32 0
1x1/96709f 27 32 0
1x1/bd7d85 31 32 0
1x2/bd7d85 32 32 0
1x1/907450 33 32 0
1x1/ae7a59 35 32 0
1x1/ae7a59 37 32 0
1x1/907450 38 32 0
1x1/907450 39 32 0
1x2/907450 40 32 0
1x1/945148 41 32 0
1x1/ae7a59 42 32 0
1x1/ae7a59 43 32 0
1x1/bd7d85 44 32 0
1x1/d09168 45 32 0
1x1/b48455 46 32 0
1x1/ae7a59 47 32 0
1x1/907450 48 32 0
1x1/7c503a 49 32 0
1x1/5c5030 50 32 0
1x1/583927 51 32 0
1x1/582a12 52 32 0
4x6/352100 53 32 0
1x8/352100 61 32 0
1x6/352100 63 32 0
1x1/583927 0 33 0
1x1/755945 1 33 0
1x1/755945 2 33 0
1x1/755945 3 33 0
1x2/6b5a5a 4 33 0
1x1/907450 5 33 0
1x2/755945 6 33 0
1x1/583927 9 33 0
1x1/7c503a 10 33 0
2x2/915c3c 11 33 0
1x1/ae7a59 13 33 0
1x2/ae7a59 15 33 0
1x1/907450 16 33 0
1x1/5e3f33 17 33 0
1x1/3e3c39 18 33 0
1x1/0a1327 19 33 0
1x2/0a1327 20 33 0
2x2/05131d 21 33 0
2x3/05131d 23 33 0
1x1/0a1327 25 33 0
1x1/575857 26 33 0
1x1/845e84 27 33 0
1x1/abadac 31 33 0
1x1/958a73 33 33 0
1x1/755945 34 33 0
1x1/764d3b 35 33 0
1x1/5e3f33 36 33 0
1x1/5e3f33 37 33 0
1x1/764d3b 38 33 0
1x1/915c3c 39 33 0
1x1/907450 41 33 0
1x1/907450 42 33 0
1x1/915c3c 43 33 0
1x1/755945 44 33 0
1x1/764d3b 45 33 0
1x1/5c5030 46 33 0
1x1/583927 47 33 0
4x4/352100 48 33 0
1x5/352100 52 33 0
1x1/352100 0 34 0
1x1/57392c 1 34 0
1x1/5e3f33 2 34 0
1x1/5e3f33 3 34 0
1x1/6b5a5a 5 34 0
1x1/5c5030 7 34 0
1x1/582a12 8 34 0
1x1/57392c 9 34 0
1x1/764d3b 10 34 0
1x2/945148 13 34 0
1x2/ae7a59 16 34 0
1x3/907450 17 34 0
1x3/6b5a5a 18 34 0
1x1/3e3c39 19 34 0
1x2/05131d 25 34 0
1x1/1b2a34 26 34 0
1x1/575857 27 34 0
1x1/737271 28 34 0
1x1/958a73 29 34 0
1x1/bd7d85 30 34 0
1x1/bd7d85 31 34 0
1x1/958a73 32 34 0
1x1/645a4c 33 34 0
1x1/3e3c39 34 34 0
1x1/352100 35 34 0
1x1/352100 36 34 0
1x2/05131d 37 34 0
1x3/352100 38 34 0
1x1/583927 39 34 0
1x1/583927 40 34 0
1x1/583927 41 34 0
1x1/583927 42 34 0
1x4/352100 43 34 0
1x1/352100 44 34 0
3x3/352100 45 34 0
1x1/05131d 0 35 0
3x3/352100 1 35 0
1x1/57392c 4 35 0
1x1/645a4c 5 35 0
1x1/5e3f33 6 35 0
1x1/5e3f33 7 35 0
1x12/352100 8 35 0
1x3/583927 9 35 0
1x1/57392c 10 35 0
1x1/764d3b 11 35 0
1x1/7c503a 12 35 0
1x1/907450 14 35 0
1x1/907450 15 35 0
1x1/645a4c 19 35 0
1x1/57392c 20 35 0
1x1/3e3c39 21 35 0
1x1/1b2a34 22 35 0
1x1/05131d 26 35 0
1x2/1b2a34 27 35 0
1x1/3e3c39 28 35 0
1x1/4d4c52 29 35 0
1x1/6b5a5a 30 35 0
1x1/6b5a5a 31 35 0
1x1/5e3f33 32 35 0
1x2/1b2a34 33 35 0
1x1/05131d 34 35 0
2x2/05131d 35 35 0
2x2/352100 39 35 0
1x2/05131d 41 35 0
1x3/352100 42 35 0
1x1/05131d 44 35 0
1x1/352100 0 36 0
1x2/352100 4 36 0
1x1/57392c 5 36 0
1x1/57392c 6 36 0
1x1/583927 7 36 0
1x1/583927 10 36 0
1x1/57392c 11 36 0
1x1/5e3f33 12 36 0
1x1/755945 13 36 0
1x1/945148 14 36 0
1x1/945148 15 36 0
1x1/907450 16 36 0
1x1/6b5a5a 19 36 0
1x1/6b5a5a 20 36 0
1x1/6b5a5a 21 36 0
1x1/3e3c39 22 36 0
1x1/1b2a34 23 36 0
2x2/0a1327 24 36 0
1x1/0a1327 26 36 0
1x1/1b2a34 28 36 0
1x1/3e3c39 29 36 0
1x1/4d4c52 30 36 0
1x1/4d4c52 31 36 0
1x1/3e3c39 32 36 0
1x1/0a1327 34 36 0
1x1/352100 37 36 0
1x2/352100 44 36 0
1x1/57392c 0 37 0
1x1/582a12 5 37 0
1x1/582a12 6 37 0
1x2/582a12 7 37 0
1x1/5e3f33 10 37 0
1x1/5e3f33 11 37 0
1x2/3e3c39 12 37 0
1x1/4d4c52 13 37 0
1x1/645a4c 14 37 0
1x1/6b5a5a 15 37 0
1x1/616161 16 37 0
1x1/616161 17 37 0
1x1/575857 18 37 0
1x1/4d4c52 19 37 0
1x1/4d4c52 20 37 0
1x1/3e3c39 21 37 0
1x1/1b2a34 22 37 0
1x1/0a1327 23 37 0
1x1/1b2a34 26 37 0
1x1/354e5a 27 37 0
1x1/595d60 28 37 0
1x1/737271 29 37 0
1x1/898788 30 37 0
1x1/898788 31 37 0
1x1/616161 32 37 0
1x1/4d4c52 33 37 0
1x1/1b2a34 34 37 0
1x1/1b2a34 35 37 0
1x1/1b2a34 36 37 0
1x1/583927 37 37 0
1x1/582a12 38 37 0
1x1/582a12 39 37 0
1x1/352100 40 37 0
1x1/352100 41 37 0
1x1/352100 45 37 0
1x1/352100 46 37 0
1x1/352100 47 37 0
1x1/352100 48 37 0
1x1/352100 49 37 0
1x1/352100 50 37 0
1x1/352100 51 37 0
1x1/5e3f33 0 38 0
1x2/582a12 1 38 0
1x1/582a12 2 38 0
1x1/764d3b 3 38 0
1x1/5e3f33 4 38 0
1x1/583927 5 38 0
1x2/583927 6 38 0
1x1/3e3c39 9 38 0
1x1/3e3c39 10 38 0
1x1/4d4c52 11 38 0
1x1/354e5a 13 38 0
1x1/354e5a 14 38 0
1x1/354e5a 15 38 0
1x1/467083 16 38 0
1x1/354e5a 17 38 0
2x2/0d4763 18 38 0
1x2/0d4763 20 38 0
1x1/0a3463 21 38 0
1x1/0a3463 22 38 0
1x1/0a3463 23 38 0
1x1/0a3463 24 38 0
1x1/0d4763 25 38 0
1x1/0059a3 26 38 0
1x1/467083 27 38 0
1x1/6074a1 28 38 0
1x1/7988a1 29 38 0
1x1/7988a1 30 38 0
1x1/5f7d8c 31 38 0
1x1/737271 32 38 0
1x1/6c6e68 33 38 0
1x1/575857 34 38 0
1x1/4d4c52 35 38 0
1x1/5d5c36 36 38 0
1x1/755945 37 38 0
1x1/5c5030 38 38 0
1x1/583927 39 38 0
1x1/582a12 40 38 0
1x1/582a12 41 38 0
1x1/582a12 42 38 0
1x1/582a12 43 38 0
1x2/582a12 44 38 0
1x1/582a12 45 38 0
1x1/582a12 46 38 0
1x1/582a12 47 38 0
1x1/582a12 48 38 0
1x1/582a12 49 38 0
1x1/582a12 50 38 0
1x1/582a12 51 38 0
1x1/872b17 52 38 0
1x1/872b17 53 38 0
1x1/582a12 54 38 0
1x1/582a12 55 38 0
1x1/352100 56 38 0
1x1/352100 62 38 0
1x1/352100 63 38 0
1x1/764d3b 0 39 0
1x1/57392c 2 39 0
1x1/907450 3 39 0
1x1/907450 4 39 0
1x1/764d3b 5 39 0
1x1/583927 7 39 0
1x6/1b2a34 9 39 0
1x1/0a3463 10 39 0
1x2/0d4763 11 39 0
1x1/0d4763 12 39 0
1x1/0d4763 13 39 0
1x1/0d4763 14 39 0
1x1/0d4763 15 39 0
2x2/0059a3 16 39 0
1x1/0d4763 21 39 0
1x1/0d4763 22 39 0
2x3/0059a3 23 39 0
1x2/0059a3 25 39 0
1x3/008f9b 26 39 0
1x1/10929d 27 39 0
1x2/3e95b6 28 39 0
1x1/5b98b3 29 39 0
1x1/6074a1 30 39 0
1x1/6074a1 31 39 0
1x1/5f7d8c 32 39 0
1x1/5f7d8c 33 39 0
1x1/5f7d8c 34 39 0
1x1/737271 35 39 0
1x1/6c6e68 36 39 0
1x1/595d60 37 39 0
1x1/3e3c39 38 39 0
1x1/1b2a34 39 39 0
1x1/05131d 40 39 0
1x1/05131d 41 39 0
1x1/352100 42 39 0
1x1/352100 43 39 0
1x1/583927 45 39 0
1x1/583927 46 39 0
1x1/583927 47 39 0
1x1/583927 48 39 0
1x1/583927 49 39 0
1x1/583927 50 39 0
1x1/583927 51 39 0
1x1/7c503a 52 39 0
1x1/965336 53 39 0
1x1/965336 54 39 0
1x1/965336 55 39 0
1x1/7c503a 56 39 0
1x1/583927 57 39 0
1x1/582a12 58 39 0
1x1/352100 59 39 0
1x1/352100 60 39 0
1x3/582a12 62 39 0
1x1/582a12 63 39 0
1x1/755945 0 40 0
1x1/5e3f33 1 40 0
1x1/5e3f33 2 40 0
1x1/6b5a5a 3 40 0
1x1/616161 4 40 0
1x1/4d4c52 5 40 0
1x1/1b2a34 6 40 0
1x3/3e3c39 7 40 0
1x4/0d4763 10 40 0
3x3/0059a3 12 40 0
1x2/0059a3 15 40 0
2x2/0059a3 18 40 0
3x3/0059a3 20 40 0
1x2/008f9b 27 40 0
1x1/3e95b6 29 40 0
1x1/3e95b6 30 40 0
1x1/3e95b6 31 40 0
1x1/3e95b6 32 40 0
1x1/3e95b6 33 40 0
1x1/6074a1 34 40 0
1x1/5f7d8c 35 40 0
1x1/467083 36 40 0
1x1/467083 37 40 0
1x2/27867e 38 40 0
1x1/0d4763 39 40 0
1x1/184632 40 40 0
1x1/184632 41 40 0
1x1/1b2a34 42 40 0
1x1/1b2a34 43 40 0
1x1/05131d 44 40 0
1x2/1b2a34 45 40 0
1x1/05131d 46 40 0
1x1/05131d 47 40 0
1x1/05131d 48 40 0
1x1/05131d 49 40 0
1x1/05131d 50 40 0
1x2/05131d 51 40 0
1x1/352100 52 40 0
1x1/352100 53 40 0
1x1/583927 54 40 0
1x1/5c5030 55 40 0
1x1/965336 56 40 0
1x1/965336 57 40 0
1x1/ab673a 58 40 0
1x1/915c3c 59 40 0
1x1/7c503a 60 40 0
1x1/7c503a 61 40 0
1x1/a95500 63 40 0
1x1/354e5a 0 41 0
1x1/184632 1 41 0
1x1/184632 2 41 0
1x2/3e3c39 3 41 0
2x3/0d4763 4 41 0
1x4/184632 6 41 0
1x3/0059a3 11 41 0
1x1/0059a3 16 41 0
1x2/008f9b 17 41 0
1x1/008f9b 25 41 0
1x1/10929d 28 41 0
1x1/3592c3 29 41 0
1x1/1591cb 30 41 0
1x1/1591cb 31 41 0
1x1/1591cb 32 41 0
1x1/3592c3 33 41 0
1x1/3e95b6 34 41 0
1x1/3e95b6 35 41 0
1x1/10929d 36 41 0
1x1/27867e 37 41 0
1x4/0059a3 39 41 0
1x1/0d4763 40 41 0
1x1/0d4763 41 41 0
1x1/0d4763 42 41 0
1x1/184632 43 41 0
1x1/1b2a34 44 41 0
1x1/1b2a34 46 41 0
2x2/184632 47 41 0
1x1/1b2a34 49 41 0
1x2/184632 50 41 0
1x1/05131d 52 41 0
2x2/05131d 53 41 0
1x1/05131d 55 41 0
1x2/352100 56 41 0
1x1/582a12 57 41 0
1x1/b67b50 58 41 0
1x2/d09168 59 41 0
1x1/b48455 60 41 0
1x1/b67b50 61 41 0
1x1/583927 63 41 0
2x12/0d4763 0 42 0
1x1/0d4763 2 42 0
1x2/008f9b 15 42 0
1x1/008f9b 16 42 0
1x1/008f9b 18 42 0
1x1/0059a3 19 42 0
1x1/0059a3 23 42 0
1x2/008f9b 24 42 0
1x2/078bc9 25 42 0
1x1/078bc9 26 42 0
2x2/039cbd 27 42 0
1x1/1591cb 29 42 0
1x1/039cbd 30 42 0
1x1/039cbd 31 42 0
1x1/078bc9 32 42 0
1x1/10929d 33 42 0
1x1/10929d 34 42 0
2x3/0059a3 35 42 0
1x1/0059a3 37 42 0
1x3/0059a3 38 42 0
1x2/0059a3 40 42 0
1x3/27867e 41 42 0
1x1/27867e 42 42 0
1x1/467083 43 42 0
1x1/354e5a 44 42 0
1x1/0d4763 45 42 0
1x1/184632 46 42 0
1x1/184632 49 42 0
1x1/184632 51 42 0
1x1/1b2a34 52 42 0
1x2/352100 55 42 0
1x1/7c503a 57 42 0
1x1/d09168 58 42 0
1x1/d09168 60 42 0
1x2/dd9e47 61 42 0
1x1/7c503a 62 42 0
1x1/965336 63 42 0
1x4/184632 2 43 0
1x2/352100 3 43 0
1x1/1b2a34 7 43 0
1x4/0059a3 12 43 0
1x2/0059a3 13 43 0
1x1/0059a3 14 43 0
2x2/078bc9 16 43 0
1x3/078bc9 18 43 0
1x1/008f9b 19 43 0
2x2/008f9b 20 43 0
2x3/008f9b 22 43 0
1x2/039cbd 26 43 0
1x1/039cbd 29 43 0
1x1/008f9b 30 43 0
1x1/008f9b 31 43 0
3x3/0059a3 32 43 0
1x1/0d4763 37 43 0
1x1/3e95b6 42 43 0
1x2/5f7d8c 43 43 0
1x1/5f7d8c 44 43 0
1x1/5f7d8c 45 43 0
1x1/467083 46 43 0
1x1/467083 47 43 0
1x1/595d60 48 43 0
1x1/6d6e5c 49 43 0
1x1/6d6e5c 50 43 0
1x1/575857 51 43 0
1x1/354e5a 52 43 0
1x1/3e3c39 53 43 0
1x1/3e3c39 54 43 0
1x1/583927 56 43 0
1x1/ab673a 57 43 0
1x1/b67b50 58 43 0
1x1/b67b50 59 43 0
1x1/dd9e47 60 43 0
1x1/dd9e47 62 43 0
1x1/dd982e 63 43 0
1x2/184632 4 44 0
1x1/0d4763 5 44 0
1x2/3e3c39 7 44 0
1x1/184632 10 44 0
1x2/0d4763 11 44 0
1x1/008f9b 14 44 0
1x1/078bc9 15 44 0
1x2/078bc9 19 44 0
1x1/078bc9 24 44 0
1x1/039cbd 25 44 0
1x1/039cbd 27 44 0
1x1/008f9b 28 44 0
1x1/008f9b 29 44 0
2x3/0059a3 30 44 0
1x1/0059a3 37 44 0
1x1/10929d 40 44 0
1x1/27867e 42 44 0
1x1/898788 44 44 0
1x1/898788 45 44 0
1x1/898788 46 44 0
1x1/898788 47 44 0
1x1/898788 48 44 0
1x2/cca373 49 44 0
1x1/b4a774 50 44 0
1x2/5f7d8c 51 44 0
1x1/5f7d8c 52 44 0
1x2/898788 53 44 0
1x1/6d6e5c 54 44 0
1x1/5d5c36 55 44 0
1x1/7c503a 56 44 0
1x1/583927 57 44 0
1x1/7c503a 58 44 0
1x1/965336 59 44 0
1x1/965336 60 44 0
1x1/ac8247 61 44 0
1x1/b67b50 62 44 0
1x1/dd9e47 63 44 0
1x1/3e3c39 3 45 0
1x1/184632 5 45 0
1x1/3e3c39 6 45 0
1x1/05131d 9 45 0
1x1/1b2a34 10 45 0
1x4/008f9b 13 45 0
1x2/078bc9 14 45 0
3x3/039cbd 15 45 0
1x2/039cbd 20 45 0
1x2/008f9b 21 45 0
1x1/008f9b 24 45 0
1x1/008f9b 25 45 0
1x1/008f9b 26 45 0
1x1/008f9b 27 45 0
2x2/0059a3 28 45 0
1x1/0059a3 35 45 0
1x1/008f9b 36 45 0
1x1/10929d 37 45 0
1x1/27867e 38 45 0
1x1/27867e 39 45 0
1x1/27867e 40 45 0
1x1/6e8aa6 41 45 0
1x1/5f7d8c 42 45 0
1x1/84b68d 43 45 0
1x2/cdc298 44 45 0
1x1/b4a774 45 45 0
1x1/b4a774 46 45 0
1x1/b4a774 47 45 0
1x2/958a73 48 45 0
1x1/958a73 50 45 0
1x1/7988a1 52 45 0
1x2/958a73 54 45 0
1x1/d09168 55 45 0
1x1/d09168 56 45 0
1x1/ac8247 57 45 0
1x1/ac8247 58 45 0
1x1/915c3c 59 45 0
1x1/872b17 60 45 0
1x1/872b17 61 45 0
1x1/965336 62 45 0
1x1/d09168 63 45 0
1x6/352100 3 46 0
1x3/352100 4 46 0
1x1/3e3c39 5 46 0
1x1/1b2a34 6 46 0
1x1/1b2a34 7 46 0
1x3/1b2a34 9 46 0
1x1/184632 10 46 0
1x3/0059a3 11 46 0
1x2/039cbd 18 46 0
1x1/039cbd 19 46 0
1x1/008f9b 22 46 0
2x2/0059a3 23 46 0
1x3/0059a3 25 46 0
1x1/0059a3 26 46 0
1x1/0059a3 27 46 0
1x1/0059a3 32 46 0
1x1/27867e 33 46 0
1x1/27867e 34 46 0
1x1/10929d 35 46 0
1x1/3e95b6 36 46 0
1x1/55a5af 37 46 0
1x1/9ca3a8 38 46 0
1x1/9ca3a8 39 46 0
1x1/68bcc5 40 46 0
1x1/adc3c0 41 46 0
1x1/adc3c0 42 46 0
1x1/bdc6ad 43 46 0
1x1/dec69c 45 46 0
1x1/dcbc81 46 46 0
1x1/cca373 47 46 0
1x2/b4a774 49 46 0
1x1/898788 50 46 0
1x1/68bcc5 51 46 0
1x1/b4d2e3 52 46 0
1x1/a5adb4 53 46 0
1x1/cca373 55 46 0
1x1/dcbc81 56 46 0
1x1/dec69c 57 46 0
1x1/e4adc8 58 46 0
1x1/bd7d85 59 46 0
1x1/907450 60 46 0
1x1/965336 61 46 0
1x2/d09168 62 46 0
1x1/cca373 63 46 0
1x2/3e3c39 2 47 0
2x2/184632 5 47 0
1x1/184632 7 47 0
1x8/352100 8 47 0
1x2/0d4763 10 47 0
1x2/008f9b 12 47 0
1x2/039cbd 14 47 0
1x1/008f9b 19 47 0
2x3/0059a3 20 47 0
1x1/0059a3 22 47 0
2x2/008f9b 26 47 0
1x1/0059a3 28 47 0
2x2/008f9b 29 47 0
1x1/10929d 31 47 0
1x1/36aebf 32 47 0
1x1/68bcc5 33 47 0
1x1/55a5af 34 47 0
1x1/68bcc5 35 47 0
1x1/7dbfdd 36 47 0
1x1/7dbfdd 37 47 0
1x1/7dbfdd 38 47 0
1x1/7dbfdd 39 47 0
1x1/7dbfdd 40 47 0
1x1/aeefec 41 47 0
1x1/aeefec 42 47 0
1x1/aeefec 43 47 0
1x1/b3d7d1 44 47 0
1x1/c2dab8 45 47 0
1x1/d4d5c9 46 47 0
1x1/cdc298 47 47 0
1x1/b4a774 48 47 0
1x1/7988a1 50 47 0
1x1/b4d2e3 51 47 0
1x1/b4d4f7 52 47 0
1x1/b4d2e3 53 47 0
1x1/afb5c7 54 47 0
1x1/cdc298 55 47 0
1x1/d9d9d9 56 47 0
1x1/e1d5ed 57 47 0
1x2/c9cae2 58 47 0
1x1/abadac 59 47 0
1x1/abadac 60 47 0
1x1/ae7a59 61 47 0
1x2/b67b50 63 47 0
1x2/352100 7 48 0
1x1/039cbd 15 48 0
1x1/039cbd 16 48 0
2x2/008f9b 17 48 0
1x2/0059a3 19 48 0
1x1/008f9b 22 48 0
1x1/008f9b 23 48 0
1x1/0059a3 24 48 0
1x2/008f9b 28 48 0
1x1/1591cb 31 48 0
2x2/5ac4da 32 48 0
2x2/5ac4da 34 48 0
2x2/5ac4da 36 48 0
2x2/5ac4da 38 48 0
1x2/5ac4da 40 48 0
1x1/7dbfdd 41 48 0
1x1/7dbfdd 42 48 0
1x1/7dbfdd 43 48 0
1x1/7dbfdd 44 48 0
1x1/7dbfdd 45 48 0
1x1/7dbfdd 46 48 0
1x1/9fc3e9 47 48 0
1x1/a0bcac 48 48 0
1x1/9ca3a8 49 48 0
1x2/7dbfdd 50 48 0
1x1/9fc3e9 51 48 0
1x1/9fc3e9 52 48 0
1x1/9fc3e9 53 48 0
1x2/9fc3e9 54 48 0
1x1/c9cae2 55 48 0
2x2/c9cae2 56 48 0
1x1/c9cae2 59 48 0
1x1/c9cae2 60 48 0
1x1/afb5c7 61 48 0
1x1/bd7d85 62 48 0
1x1/0d4763 2 49 0
1x1/05131d 4 49 0
1x1/184632 5 49 0
1x1/352100 6 49 0
1x3/352100 9 49 0
1x1/1b2a34 10 49 0
1x1/0d4763 11 49 0
1x1/0d4763 12 49 0
1x1/0059a3 13 49 0
1x1/008f9b 14 49 0
1x1/10929d 15 49 0
1x1/10929d 16 49 0
2x2/27867e 22 49 0
1x1/008f9b 24 49 0
1x1/039cbd 25 49 0
1x5/009ece 26 49 0
1x1/039cbd 27 49 0
1x1/008f9b 29 49 0
1x1/039cbd 30 49 0
1x1/36aebf 31 49 0
1x1/5ac4da 41 49 0
1x1/5ac4da 42 49 0
1x1/5ac4da 43 49 0
1x1/5ac4da 44 49 0
1x1/5ac4da 45 49 0
1x1/5ac4da 46 49 0
1x1/5ac4da 47 49 0
1x1/5ac4da 48 49 0
1x1/5ac4da 49 49 0
1x1/7dbfdd 51 49 0
1x1/7dbfdd 52 49 0
1x1/7dbfdd 53 49 0
1x1/9fc3e9 55 49 0
1x1/afb5c7 58 49 0
1x1/afb5c7 59 49 0
1x1/afb5c7 60 49 0
1x1/c9cae2 61 49 0
1x1/c9cae2 62 49 0
1x1/bd7d85 63 49 0
1x5/184632 2 50 0
1x1/352100 4 50 0
1x1/352100 5 50 0
2x2/1b2a34 6 50 0
1x1/05131d 10 50 0
2x2/184632 11 50 0
1x2/0d4763 13 50 0
1x1/10929d 14 50 0
1x1/36aebf 15 50 0
1x1/36aebf 16 50 0
1x1/1591cb 17 50 0
1x1/10929d 18 50 0
1x1/008f9b 19 50 0
1x1/0059a3 20 50 0
1x1/27867e 21 50 0
1x1/10929d 24 50 0
1x4/009ece 25 50 0
4x4/009ece 27 50 0
3x3/009ece 31 50 0
3x3/009ece 34 50 0
3x3/009ece 37 50 0
3x3/009ece 40 50 0
1x3/009ece 43 50 0
1x1/36aebf 44 50 0
1x1/36aebf 45 50 0
1x1/36aebf 46 50 0
1x1/36aebf 47 50 0
1x1/36aebf 48 50 0
1x1/36aebf 49 50 0
1x1/5ac4da 50 50 0
1x1/68aece 51 50 0
1x1/68aece 52 50 0
1x1/68aece 53 50 0
1x1/68aece 54 50 0
1x1/7dbfdd 55 50 0
1x1/a5a5cb 56 50 0
1x1/afb5c7 57 50 0
2x2/a5a5cb 58 50 0
1x2/a5a5cb 60 50 0
1x1/a5a5cb 61 50 0
1x1/afb5c7 62 50 0
1x1/afb5c7 63 50 0
2x2/05131d 4 51 0
1x2/1b2a34 10 51 0
1x4/36aebf 14 51 0
1x2/5ac4da 15 51 0
1x1/5ac4da 16 51 0
1x1/5ac4da 17 51 0
1x1/5ac4da 18 51 0
2x2/36aebf 19 51 0
1x1/3e95b6 21 51 0
1x1/10929d 22 51 0
1x1/10929d 23 51 0
1x1/1591cb 24 51 0
2x2/009ece 44 51 0
2x2/009ece 46 51 0
1x2/009ece 48 51 0
1x1/1591cb 49 51 0
1x1/36aebf 50 51 0
1x1/36aebf 51 51 0
1x1/36aebf 52 51 0
1x1/5a93db 53 51 0
1x1/5a93db 54 51 0
1x1/68aece 55 51 0
1x1/68aece 56 51 0
1x1/9195ca 57 51 0
1x1/9195ca 61 51 0
1x1/a5a5cb 62 51 0
1x1/a5a5cb 63 51 0
1x2/1b2a34 3 52 0
1x3/352100 6 52 0
1x1/352100 7 52 0
1x1/05131d 9 52 0
1x3/1b2a34 11 52 0
1x2/184632 12 52 0
1x1/467083 13 52 0
2x2/36aebf 16 52 0
1x1/36aebf 18 52 0
1x1/36aebf 21 52 0
1x1/36aebf 22 52 0
1x1/1591cb 23 52 0
1x2/009ece 24 52 0
1x1/009ece 49 52 0
1x1/1591cb 50 52 0
1x1/1591cb 51 52 0
1x1/1591cb 52 52 0
1x1/1591cb 53 52 0
1x1/3592c3 54 52 0
1x1/3592c3 55 52 0
1x1/3592c3 56 52 0
1x1/5a93db 57 52 0
1x1/6c96bf 58 52 0
1x1/7396c8 59 52 0
1x1/7396c8 60 52 0
1x1/7396c8 61 52 0
1x1/7396c8 62 52 0
1x1/9195ca 63 52 0
1x1/05131d 4 53 0
1x2/352100 5 53 0
1x1/1b2a34 7 53 0
1x3/352100 9 53 0
1x2/0a1327 10 53 0
1x1/5f7d8c 13 53 0
1x1/36aebf 15 53 0
1x1/009ece 18 53 0
1x1/009ece 19 53 0
1x1/009ece 20 53 0
1x1/1591cb 21 53 0
1x1/1591cb 22 53 0
1x1/009ece 23 53 0
2x2/039cbd 31 53 0
1x2/039cbd 33 53 0
1x1/039cbd 34 53 0
1x1/039cbd 35 53 0
1x1/039cbd 36 53 0
1x1/039cbd 37 53 0
2x2/039cbd 38 53 0
2x2/039cbd 40 53 0
1x1/039cbd 42 53 0
1x1/039cbd 43 53 0
1x1/039cbd 44 53 0
1x1/039cbd 45 53 0
1x1/039cbd 46 53 0
1x1/039cbd 47 53 0
1x1/039cbd 48 53 0
1x1/039cbd 49 53 0
1x1/039cbd 50 53 0
1x1/039cbd 51 53 0
1x1/039cbd 52 53 0
1x1/039cbd 53 53 0
2x2/078bc9 54 53 0
1x2/078bc9 56 53 0
1x1/1591cb 57 53 0
1x1/3592c3 58 53 0
1x1/3592c3 59 53 0
1x1/5b98b3 60 53 0
1x1/5b98b3 61 53 0
1x1/6c96bf 62 53 0
1x1/6c96bf 63 53 0
1x1/3e3c39 0 54 0
1x1/0d4763 1 54 0
1x1/352100 3 54 0
1x2/352100 4 54 0
1x1/3e3c39 7 54 0
1x3/467083 12 54 0
1x1/3e95b6 13 54 0
1x1/1591cb 15 54 0
2x2/039cbd 16 54 0
2x2/039cbd 18 54 0
1x1/039cbd 20 54 0
1x1/039cbd 21 54 0
1x1/039cbd 22 54 0
1x1/039cbd 23 54 0
1x1/039cbd 24 54 0
1x1/039cbd 25 54 0
1x1/039cbd 26 54 0
1x1/039cbd 27 54 0
1x1/039cbd 28 54 0
1x1/039cbd 29 54 0
1x1/039cbd 30 54 0
1x1/078bc9 34 54 0
1x1/078bc9 35 54 0
1x1/078bc9 36 54 0
1x1/078bc9 37 54 0
1x1/078bc9 42 54 0
1x1/078bc9 43 54 0
1x1/078bc9 44 54 0
1x1/078bc9 45 54 0
1x1/078bc9 46 54 0
1x1/078bc9 47 54 0
1x1/078bc9 48 54 0
1x1/078bc9 49 54 0
1x1/078bc9 50 54 0
1x1/078bc9 51 54 0
1x1/078bc9 52 54 0
1x1/078bc9 53 54 0
1x1/078bc9 57 54 0
1x1/078bc9 58 54 0
1x1/078bc9 59 54 0
1x1/1591cb 60 54 0
1x1/3592c3 61 54 0
1x1/3592c3 62 54 0
1x1/3592c3 63 54 0
1x1/764d3b 0 55 0
1x1/6b5a5a 1 55 0
1x1/3e3c39 2 55 0
1x1/1b2a34 3 55 0
1x1/1b2a34 5 55 0
1x1/645a4c 6 55 0
1x1/645a4c 7 55 0
1x1/3e3c39 8 55 0
1x1/1b2a34 10 55 0
1x1/354e5a 11 55 0
1x1/3592c3 13 55 0
1x1/039cbd 14 55 0
1x1/039cbd 15 55 0
1x1/008f9b 20 55 0
1x1/008f9b 21 55 0
1x1/10929d 22 55 0
1x1/467083 23 55 0
1x1/595d60 24 55 0
1x1/27867e 25 55 0
1x1/10929d 26 55 0
1x1/008f9b 27 55 0
2x2/008f9b 28 55 0
3x3/008f9b 30 55 0
3x3/008f9b 33 55 0
2x3/008f9b 36 55 0
2x2/008f9b 38 55 0
2x2/008f9b 40 55 0
1x2/008f9b 42 55 0
1x1/008f9b 43 55 0
1x1/008f9b 44 55 0
4x4/0059a3 45 55 0
4x4/0059a3 49 55 0
4x4/0059a3 53 55 0
3x3/0059a3 57 55 0
2x3/0059a3 60 55 0
1x1/0057a6 62 55 0
1x1/0055bf 63 55 0
1x1/945148 0 56 0
1x1/898788 1 56 0
1x1/6b5a5a 2 56 0
1x1/6b5a5a 3 56 0
1x1/3e3c39 4 56 0
1x1/755945 5 56 0
1x1/915c3c 6 56 0
1x1/965336 7 56 0
1x1/755945 8 56 0
1x1/583927 9 56 0
1x1/7c503a 10 56 0
1x1/764d3b 11 56 0
1x1/3e95b6 13 56 0
1x1/10929d 14 56 0
1x1/10929d 15 56 0
1x1/008f9b 16 56 0
1x1/008f9b 17 56 0
1x1/008f9b 18 56 0
1x1/008f9b 19 56 0
1x1/10929d 20 56 0
1x1/10929d 21 56 0
1x1/354e5a 22 56 0
1x1/7c503a 23 56 0
1x1/965336 24 56 0
1x1/915c3c 25 56 0
1x1/4d4c52 26 56 0
1x1/0d4763 27 56 0
2x3/0059a3 43 56 0
1x2/0059a3 62 56 0
1x1/0057a6 63 56 0
1x1/958a73 0 57 0
1x1/9c9c9c 1 57 0
1x1/898788 2 57 0
1x1/958a73 3 57 0
1x1/945148 4 57 0
1x1/965336 5 57 0
1x1/872b17 6 57 0
1x1/a95500 7 57 0
1x1/a95500 8 57 0
1x1/a95500 9 57 0
1x1/a95500 10 57 0
1x1/7c503a 11 57 0
1x1/4d4c52 12 57 0
1x1/467083 13 57 0
1x1/645a4c 14 57 0
1x1/3e3c39 15 57 0
1x1/27867e 16 57 0
1x1/27867e 17 57 0
1x1/27867e 18 57 0
1x1/467083 19 57 0
1x1/6c6e68 20 57 0
1x1/755945 21 57 0
1x1/915c3c 22 57 0
1x1/965336 23 57 0
1x2/ab673a 24 57 0
1x1/ab673a 25 57 0
1x1/764d3b 26 57 0
1x1/57392c 27 57 0
1x1/575857 28 57 0
1x1/27867e 29 57 0
2x2/0059a3 38 57 0
2x2/0059a3 40 57 0
1x2/0059a3 42 57 0
1x1/0059a3 63 57 0
1x1/ae7a59 0 58 0
1x1/907450 1 58 0
1x1/6b5a5a 2 58 0
1x1/907450 3 58 0
1x1/aa7f2e 4 58 0
1x1/a95500 5 58 0
1x2/5c5030 6 58 0
1x1/582a12 7 58 0
1x1/582a12 8 58 0
1x1/582a12 9 58 0
1x1/582a12 10 58 0
1x2/582a12 11 58 0
1x1/5c5030 12 58 0
1x1/872b17 13 58 0
1x1/872b17 14 58 0
1x1/7c503a 15 58 0
1x1/755945 16 58 0
1x1/7c503a 17 58 0
1x1/aa7d55 18 58 0
1x1/d09168 19 58 0
1x1/b48455 20 58 0
1x1/ae7a59 21 58 0
1x1/ae7a59 22 58 0
1x1/ab673a 23 58 0
1x1/965336 25 58 0
1x1/583927 26 58 0
1x1/582a12 27 58 0
1x1/764d3b 28 58 0
1x1/5e3f33 29 58 0
1x1/4d4c52 30 58 0
1x1/595d60 31 58 0
1x1/467083 32 58 0
1x1/0059a3 33 58 0
1x1/0059a3 34 58 0
1x1/0059a3 35 58 0
1x1/0059a3 36 58 0
1x1/0059a3 37 58 0
1x1/0059a3 57 58 0
1x2/467083 58 58 0
1x1/0059a3 59 58 0
1x1/0059a3 60 58 0
1x1/4354a3 61 58 0
1x1/4354a3 62 58 0
1x1/4354a3 63 58 0
1x1/ac8247 0 59 0
1x1/ac8247 1 59 0
1x1/5c5030 2 59 0
1x1/5c5030 3 59 0
1x1/5c5030 4 59 0
1x1/582a12 5 59 0
1x1/5c5030 7 59 0
1x1/5c5030 8 59 0
1x3/5c5030 9 59 0
1x1/583927 10 59 0
1x1/582a12 12 59 0
1x2/582a12 13 59 0
1x1/5c5030 14 59 0
1x1/965336 15 59 0
1x1/965336 16 59 0
1x1/b48455 17 59 0
1x1/cca373 18 59 0
1x1/b48455 19 59 0
1x1/aa7d55 20 59 0
1x1/b48455 21 59 0
2x2/d09168 22 59 0
1x1/b67b50 24 59 0
1x1/ab673a 25 59 0
1x1/872b17 26 59 0
1x1/872b17 27 59 0
1x1/965336 28 59 0
1x1/582a12 29 59 0
1x1/1b2a34 30 59 0
1x1/3e3c39 31 59 0
1x1/4d4c52 32 59 0
1x1/354e5a 33 59 0
1x1/0d4763 34 59 0
2x2/0d4763 35 59 0
2x2/0d4763 37 59 0
2x2/0d4763 39 59 0
2x2/0d4763 41 59 0
2x2/0d4763 43 59 0
2x2/0d4763 45 59 0
2x2/0d4763 47 59 0
2x2/0d4763 49 59 0
2x2/0d4763 51 59 0
2x3/0d4763 53 59 0
1x1/0059a3 55 59 0
1x1/0059a3 56 59 0
1x1/0d4763 57 59 0
1x1/958a73 59 59 0
1x1/958a73 60 59 0
1x1/bd7d85 61 59 0
1x2/bd7d85 62 59 0
1x1/845e84 63 59 0
1x1/582a12 0 60 0
1x1/5c5030 1 60 0
1x1/583927 2 60 0
1x1/582a12 3 60 0
1x2/5d5c36 4 60 0
1x1/aa7f2e 5 60 0
1x1/5d5c36 6 60 0
1x1/583927 7 60 0
1x1/5d5c36 8 60 0
1x2/5c5030 10 60 0
1x1/5d5c36 11 60 0
1x1/a95500 12 60 0
1x1/352100 14 60 0
1x1/583927 15 60 0
1x1/ab673a 16 60 0
1x1/cca373 17 60 0
1x1/dec69c 18 60 0
1x2/bd7d85 19 60 0
1x1/ae7a59 20 60 0
1x1/cca373 21 60 0
1x1/b48455 24 60 0
1x1/7c503a 25 60 0
1x1/582a12 26 60 0
1x1/583927 27 60 0
1x1/872b17 28 60 0
1x1/583927 29 60 0
1x1/352100 30 60 0
1x1/352100 31 60 0
1x1/352100 32 60 0
1x1/3e3c39 33 60 0
1x1/184632 34 60 0
1x2/0d4763 55 60 0
1x1/0d4763 56 60 0
1x1/354e5a 57 60 0
1x2/907450 58 60 0
1x1/ae7a59 59 60 0
1x1/ae7a59 60 60 0
1x1/ae7a59 61 60 0
1x1/bd7d85 63 60 0
2x2/352100 0 61 0
1x1/582a12 2 61 0
1x1/5c5030 3 61 0
1x1/5c5030 5 61 0
2x2/352100 6 61 0
1x1/5c5030 8 61 0
1x1/583927 11 61 0
1x1/582a12 12 61 0
1x1/352100 13 61 0
1x1/582a12 14 61 0
1x1/582a12 15 61 0
1x1/583927 16 61 0
1x1/907450 17 61 0
1x1/dcbc81 18 61 0
1x2/907450 20 61 0
1x1/907450 21 61 0
1x1/583927 22 61 0
1x1/352100 23 61 0
1x2/582a12 24 61 0
1x1/57392c 25 61 0
1x1/57392c 26 61 0
1x1/582a12 27 61 0
1x1/583927 28 61 0
1x1/764d3b 29 61 0
1x1/764d3b 30 61 0
1x2/5e3f33 31 61 0
1x1/583927 32 61 0
1x1/583927 33 61 0
1x1/7c503a 34 61 0
1x1/5d5c36 35 61 0
1x1/4d4c52 36 61 0
1x1/4d4c52 37 61 0
1x1/4d4c52 38 61 0
1x1/3e3c39 39 61 0
1x1/3e3c39 40 61 0
1x1/4d4c52 41 61 0
1x1/4d4c52 42 61 0
1x1/4d4c52 43 61 0
1x1/4d4c52 44 61 0
1x1/4d4c52 45 61 0
1x1/354e5a 46 61 0
1x1/354e5a 47 61 0
1x1/354e5a 48 61 0
1x1/354e5a 49 61 0
1x1/354e5a 50 61 0
1x1/354e5a 51 61 0
1x1/0d4763 52 61 0
1x1/354e5a 56 61 0
1x1/4d4c52 57 61 0
1x1/b48455 59 61 0
1x1/d09168 60 61 0
1x1/d09168 61 61 0
1x1/d09168 62 61 0
1x1/d09168 63 61 0
1x1/352100 2 62 0
1x1/352100 3 62 0
1x1/352100 4 62 0
1x1/352100 5 62 0
1x1/352100 8 62 0
2x2/352100 9 62 0
2x2/352100 11 62 0
1x1/5c5030 13 62 0
1x1/5d5c36 14 62 0
1x1/5c5030 15 62 0
1x2/582a12 16 62 0
1x1/5c5030 17 62 0
1x1/915c3c 18 62 0
1x1/907450 19 62 0
1x1/915c3c 21 62 0
1x1/7c503a 22 62 0
1x1/872b17 23 62 0
1x1/582a12 25 62 0
1x1/352100 26 62 0
1x1/352100 27 62 0
2x2/582a12 28 62 0
1x1/582a12 30 62 0
1x1/5e3f33 32 62 0
1x1/5e3f33 33 62 0
1x1/764d3b 34 62 0
1x1/755945 35 62 0
1x1/945148 36 62 0
1x2/945148 37 62 0
1x1/764d3b 38 62 0
1x2/764d3b 39 62 0
1x1/945148 40 62 0
1x1/907450 41 62 0
1x1/907450 42 62 0
1x1/945148 43 62 0
1x1/755945 44 62 0
1x1/945148 45 62 0
1x1/907450 46 62 0
1x1/907450 47 62 0
1x1/764d3b 48 62 0
1x1/583927 49 62 0
1x2/5e3f33 50 62 0
1x1/3e3c39 51 62 0
1x1/6b5a5a 52 62 0
1x1/6b5a5a 53 62 0
1x1/6b5a5a 54 62 0
1x1/575857 55 62 0
1x1/6b5a5a 56 62 0
1x1/6b5a5a 57 62 0
1x1/945148 58 62 0
1x1/bd7d85 59 62 0
1x2/bd7d85 60 62 0
1x1/bd7d85 61 62 0
1x1/b67b50 62 62 0
1x1/b67b50 63 62 0
1x1/5c5030 0 63 0
1x1/5c5030 1 63 0
1x1/5c5030 2 63 0
1x1/583927 3 63 0
1x1/5c5030 4 63 0
1x1/5c5030 5 63 0
1x1/352100 6 63 0
1x1/5c5030 7 63 0
1x1/5c5030 8 63 0
1x1/352100 13 63 0
1x1/352100 14 63 0
1x1/352100 15 63 0
1x1/583927 17 63 0
1x1/755945 18 63 0
1x1/ae7a59 19 63 0
1x1/b48455 20 63 0
1x1/d09168 21 63 0
1x1/d09168 22 63 0
1x1/b67b50 23 63 0
1x1/ad6140 24 63 0
1x1/764d3b 25 63 0
1x1/583927 26 63 0
1x1/582a12 27 63 0
1x1/352100 30 63 0
1x1/352100 31 63 0
1x1/352100 32 63 0
1x1/352100 33 63 0
1x1/57392c 34 63 0
1x1/5e3f33 35 63 0
1x1/5e3f33 36 63 0
1x1/945148 38 63 0
1x1/ae7a59 40 63 0
1x1/ae7a59 41 63 0
1x1/7c503a 42 63 0
1x1/872b17 43 63 0
1x1/872b17 44 63 0
1x1/764d3b 45 63 0
1x1/945148 46 63 0
1x1/7c503a 47 63 0
1x1/57392c 48 63 0
1x1/5e3f33 49 63 0
1x1/945148 51 63 0
1x1/945148 52 63 0
1x1/755945 53 63 0
1x1/945148 54 63 0
1x1/907450 55 63 0
1x1/907450 56 63 0
1x1/907450 57 63 0
1x1/907450 58 63 0
1x1/907450 59 63 0
1x1/ae7a59 61 63 0
1x1/bd7d85 62 63 0
1x1/bd7d85 63 63 0
