303 26.43 2339527 0
1x2/0055bf 0 0 0
3x3/0055bf 1 0 0
6x6/0055bf 4 0 0
1x2/0055bf 10 0 0
1x2/0055bf 11 0 0
1x2/0055bf 12 0 0
3x3/0055bf 13 0 0
4x4/0055bf 16 0 0
4x4/0055bf 20 0 0
3x3/0055bf 24 0 0
2x3/0055bf 27 0 0
1x1/9ba19d 29 0 0
1x1/9ba19d 30 0 0
1x1/b4d2e3 31 0 0
2x8/55a5af 29 1 0
1x6/55a5af 31 1 0
1x1/0a3463 0 2 0
2x6/55a5af 10 2 0
1x6/55a5af 12 2 0
2x6/05131d 0 3 0
1x1/0055bf 2 3 0
1x2/008f9b 3 3 0
2x6/55a5af 13 3 0
1x6/008f9b 15 3 0
1x1/55a5af 24 3 0
1x1/55a5af 25 3 0
1x1/55a5af 26 3 0
2x4/55a5af 27 3 0
1x3/1b2a34 2 4 0
3x3/55a5af 16 4 0
1x2/008f9b 19 4 0
1x1/55a5af 20 4 0
1x1/55a5af 21 4 0
2x3/55a5af 22 4 0
1x2/9ba19d 24 4 0
1x2/b4d2e3 25 4 0
1x1/b4d2e3 26 4 0
1x3/0a3463 3 5 0
1x1/55a5af 20 5 0
1x6/b4d2e3 21 5 0
1x6/55a5af 26 5 0
2x4/1b2a34 4 6 0
1x1/008f9b 6 6 0
1x1/008f9b 7 6 0
1x1/55a5af 8 6 0
1x2/55a5af 9 6 0
1x4/b4d2e3 19 6 0
1x3/b4d2e3 20 6 0
1x1/55a5af 24 6 0
1x2/55a5af 25 6 0
1x8/05131d 2 7 0
2x4/1b2a34 6 7 0
1x1/008f9b 8 7 0
1x2/55a5af 16 7 0
1x3/55a5af 17 7 0
1x3/55a5af 18 7 0
1x5/55a5af 22 7 0
2x4/b4d2e3 23 7 0
1x2/9ba19d 27 7 0
1x3/55a5af 28 7 0
1x1/55a5af 31 7 0
1x8/05131d 3 8 0
1x3/1b2a34 8 8 0
1x1/008f9b 9 8 0
1x1/55a5af 10 8 0
1x1/55a5af 11 8 0
1x1/55a5af 12 8 0
1x3/9ba19d 25 8 0
1x1/4354a3 31 8 0
2x6/05131d 0 9 0
1x2/1b2a34 9 9 0
1x1/4354a3 10 9 0
1x1/9ba19d 11 9 0
1x1/b4d2e3 12 9 0
1x1/fc97ac 13 9 0
1x1/fc97ac 14 9 0
1x1/fc97ac 15 9 0
1x1/958a73 16 9 0
1x2/9ba19d 20 9 0
1x1/55a5af 27 9 0
1x5/55a5af 29 9 0
2x3/3f3691 30 9 0
2x4/05131d 4 10 0
1x1/b4d2e3 10 10 0
1x1/fc97ac 11 10 0
1x1/958a73 12 10 0
1x1/6d6e5c 13 10 0
1x1/583927 14 10 0
1x2/05131d 15 10 0
1x2/05131d 16 10 0
1x2/05131d 17 10 0
1x2/05131d 18 10 0
1x1/55a5af 19 10 0
1x2/55a5af 27 10 0
1x4/3f3691 28 10 0
1x2/05131d 6 11 0
1x1/05131d 7 11 0
1x1/9ba19d 8 11 0
1x1/b4d2e3 9 11 0
1x1/fc97ac 10 11 0
1x1/6d6e5c 11 11 0
1x4/05131d 12 11 0
1x1/05131d 13 11 0
1x1/05131d 14 11 0
1x1/05131d 19 11 0
1x2/05131d 20 11 0
1x1/55a5af 21 11 0
1x2/55a5af 23 11 0
1x1/55a5af 24 11 0
1x1/55a5af 25 11 0
1x3/6c6e68 26 11 0
1x3/b4d2e3 7 12 0
1x1/fc97ac 8 12 0
1x1/c870a0 9 12 0
1x1/583927 10 12 0
1x6/05131d 11 12 0
1x1/583927 13 12 0
1x1/9ba19d 14 12 0
1x1/6d6e5c 15 12 0
1x1/9ba19d 16 12 0
1x1/6d6e5c 17 12 0
1x1/635f52 18 12 0
1x2/583927 19 12 0
1x2/05131d 21 12 0
1x1/55a5af 22 12 0
1x2/4354a3 24 12 0
1x10/3f3691 25 12 0
1x10/3f3691 27 12 0
1x1/6d6e5c 30 12 0
1x3/237841 31 12 0
1x1/6d6e5c 6 13 0
1x1/c870a0 8 13 0
1x1/583927 9 13 0
1x2/05131d 10 13 0
1x3/6d6e5c 13 13 0
1x1/b4d2e3 14 13 0
1x1/583927 15 13 0
1x1/05131d 16 13 0
1x1/05131d 17 13 0
1x1/05131d 18 13 0
1x2/237841 20 13 0
1x6/05131d 22 13 0
1x1/3f3691 23 13 0
1x10/237841 30 13 0
1x2/05131d 4 14 0
1x1/05131d 5 14 0
1x6/fc97ac 6 14 0
1x1/958a73 8 14 0
1x3/583927 9 14 0
1x1/583927 14 14 0
1x1/05131d 15 14 0
1x1/237841 16 14 0
1x2/55a5af 17 14 0
1x1/237841 18 14 0
1x1/05131d 19 14 0
1x3/583927 21 14 0
1x1/1b2a34 23 14 0
1x12/237841 24 14 0
1x12/237841 26 14 0
2x16/237841 28 14 0
1x1/05131d 0 15 0
1x1/05131d 1 15 0
1x1/05131d 2 15 0
1x1/583927 5 15 0
1x3/c870a0 7 15 0
1x1/6d6e5c 8 15 0
1x2/05131d 10 15 0
1x4/237841 12 15 0
1x4/05131d 14 15 0
1x3/1b2a34 15 15 0
1x1/b4d2e3 16 15 0
1x1/55a5af 18 15 0
1x5/237841 19 15 0
1x3/05131d 20 15 0
1x3/05131d 23 15 0
1x12/237841 31 15 0
1x1/583927 0 16 0
1x1/583927 1 16 0
1x2/583927 2 16 0
1x1/583927 3 16 0
1x2/583927 4 16 0
1x5/b4d2e3 5 16 0
1x4/583927 8 16 0
1x2/583927 13 16 0
1x1/1b2a34 16 16 0
1x1/3f3691 17 16 0
1x1/3f3691 18 16 0
2x10/05131d 0 17 0
1x2/05131d 3 17 0
1x12/05131d 9 17 0
1x6/1b2a34 10 17 0
1x1/55a5af 16 17 0
1x1/55a5af 17 17 0
1x2/55a5af 18 17 0
1x6/05131d 21 17 0
1x5/05131d 2 18 0
1x8/c2dab8 4 18 0
1x2/c870a0 7 18 0
1x1/05131d 11 18 0
1x1/583927 13 18 0
1x6/05131d 15 18 0
1x1/3f3691 16 18 0
1x1/3f3691 17 18 0
1x1/6d6e5c 20 18 0
1x1/1b2a34 23 18 0
1x1/9ba19d 3 19 0
1x5/1b2a34 11 19 0
1x2/05131d 12 19 0
1x1/05131d 13 19 0
1x2/583927 14 19 0
1x1/05131d 16 19 0
1x1/05131d 17 19 0
1x6/05131d 18 19 0
1x2/05131d 20 19 0
1x1/05131d 22 19 0
1x4/3f3691 23 19 0
1x8/c2dab8 3 20 0
1x4/c870a0 6 20 0
1x3/6d6e5c 7 20 0
1x10/05131d 8 20 0
1x2/05131d 13 20 0
1x1/237841 16 20 0
1x2/583927 17 20 0
1x1/05131d 19 20 0
1x1/05131d 22 20 0
1x5/fc97ac 5 21 0
1x4/0a3463 12 21 0
1x1/05131d 14 21 0
1x3/05131d 16 21 0
2x3/05131d 19 21 0
1x2/3f3691 22 21 0
1x3/0a3463 13 22 0
1x2/1b2a34 14 22 0
1x2/05131d 17 22 0
1x10/237841 25 22 0
1x10/3f3691 27 22 0
1x2/6d6e5c 2 23 0
1x4/583927 7 23 0
1x6/05131d 10 23 0
1x1/05131d 21 23 0
1x1/05131d 22 23 0
1x2/1b2a34 23 23 0
1x6/0a3463 30 23 0
1x5/6d6e5c 6 24 0
1x8/05131d 11 24 0
1x3/05131d 14 24 0
1x1/583927 15 24 0
1x1/9ba19d 16 24 0
1x3/05131d 17 24 0
1x1/05131d 19 24 0
1x1/583927 20 24 0
2x8/237841 21 24 0
1x2/c870a0 2 25 0
2x6/05131d 12 25 0
1x2/583927 15 25 0
1x1/6d6e5c 16 25 0
1x1/05131d 18 25 0
2x6/237841 19 25 0
1x6/237841 23 25 0
1x2/fc97ac 4 26 0
1x2/c870a0 5 26 0
1x2/05131d 16 26 0
1x6/6d6e5c 18 26 0
1x4/237841 24 26 0
1x4/237841 26 26 0
1x4/583927 0 27 0
1x2/583927 1 27 0
1x5/fc97ac 2 27 0
1x3/583927 7 27 0
1x1/583927 14 27 0
1x2/05131d 15 27 0
1x5/237841 17 27 0
1x4/237841 31 27 0
1x4/fc97ac 3 28 0
1x4/958a73 4 28 0
1x3/6d6e5c 5 28 0
1x2/05131d 14 28 0
1x4/237841 16 28 0
1x1/958a73 1 29 0
1x2/583927 6 29 0
1x1/05131d 9 29 0
1x3/05131d 10 29 0
1x3/237841 15 29 0
1x3/237841 30 29 0
1x2/e4cd9e 1 30 0
1x2/583927 7 30 0
1x1/583927 8 30 0
1x2/583927 9 30 0
1x2/237841 14 30 0
1x2/237841 24 30 0
1x2/237841 26 30 0
1x2/237841 28 30 0
1x2/237841 29 30 0
1x1/b4d2e3 0 31 0
1x1/958a73 5 31 0
1x1/6d6e5c 6 31 0
1x1/6d6e5c 8 31 0
1x1/05131d 12 31 0
1x1/583927 13 31 0
1x1/237841 19 31 0
1x1/237841 20 31 0
1x1/237841 23 31 0
1x1/237841 31 31 0
