2233 124.83 923385 0
2x12/b4d4f7 0 0 1
1x6/b4d4f7 12 0 1
1x1/b4d4f7 18 0 0
2x12/c1dff0 19 0 1
1x4/c1dff0 31 0 1
4x12/cfe2f7 35 0 1
2x14/cfe2f7 47 0 1
1x3/cfe2f7 61 0 1
1x1/b4d4f7 12 1 0
2x6/c1dff0 13 1 1
1x1/c1dff0 31 1 0
3x3/cfe2f7 32 1 0
1x2/c1dff0 61 1 1
1x1/b4d2e3 63 1 0
1x4/b4d4f7 0 2 1
2x6/c1dff0 4 2 1
1x3/c1dff0 10 2 1
4x10/cfe2f7 19 2 1
3x3/cfe2f7 29 2 0
2x4/cfe2f7 47 2 1
1x5/cfe2f7 51 2 1
1x2/f2f3f2 56 2 1
1x1/cfe2f7 58 2 0
1x1/9fc3e9 59 2 0
1x1/6c96bf 60 2 0
2x2/6074a1 61 2 0
1x3/467083 63 2 0
1x4/c1dff0 0 3 1
1x1/c1dff0 10 3 0
4x6/cfe2f7 11 3 1
2x3/cfe2f7 17 3 0
1x2/f2f3f2 51 3 0
1x3/cfe2f7 52 3 1
1x1/c1dff0 55 3 0
1x1/a5adb4 56 3 0
1x1/6c96bf 57 3 0
1x1/5f7d8c 58 3 0
2x2/467083 59 3 0
4x6/cfe2f7 0 4 1
3x3/cfe2f7 6 4 0
2x3/cfe2f7 9 4 0
1x8/cfe2f7 32 4 1
1x1/cfe2f7 40 4 0
1x10/f2f3f2 41 4 1
1x2/f2f3f2 52 4 1
1x1/cfe2f7 54 4 0
1x1/6c96bf 55 4 0
1x3/467083 56 4 1
2x2/467083 61 4 0
2x10/f2f3f2 29 5 1
1x6/f2f3f2 39 5 1
1x1/f4f4f4 45 5 0
1x1/f2f3f2 46 5 0
1x1/f4f4f4 47 5 0
1x3/f2f3f2 48 5 1
1x1/cfe2f7 51 5 0
1x1/adc3c0 52 5 0
1x2/a5a5cb 53 5 1
1x1/6074a1 55 5 0
1x2/7396c8 56 5 0
1x1/6e8aa6 57 5 0
1x2/6074a1 58 5 1
1x1/467083 60 5 0
1x1/6074a1 63 5 0
2x8/f2f3f2 17 6 1
1x4/f2f3f2 25 6 1
1x1/f2f3f2 39 6 0
1x3/f4f4f4 40 6 1
1x3/f2f3f2 43 6 1
1x1/f4f4f4 46 6 0
1x1/cfe2f7 47 6 0
1x3/b4d2e3 48 6 1
1x1/a5a5cb 51 6 0
1x2/9195ca 52 6 1
1x1/9fc3e9 54 6 0
1x1/7396c8 55 6 0
1x2/7396c8 57 6 1
1x1/6c96bf 59 6 0
1x1/6074a1 60 6 0
1x2/467083 61 6 0
1x2/354e5a 62 6 1
1x10/f2f3f2 6 7 1
1x1/f2f3f2 16 7 0
1x1/f2f3f2 25 7 0
1x3/f4f4f4 26 7 1
1x6/f2f3f2 29 7 1
1x5/f4f4f4 35 7 1
1x3/f2f3f2 40 7 1
1x1/e6e3e0 43 7 0
1x1/c9cae2 44 7 0
1x1/d9d9d9 45 7 0
1x1/c9cae2 46 7 0
1x1/b3d7d1 47 7 0
1x2/afb5c7 48 7 0
1x3/b4d2e3 49 7 1
1x1/9fc3e9 52 7 0
1x2/b4d2e3 53 7 0
1x1/b4d2e3 54 7 0
1x1/9195ca 55 7 0
1x1/a5a5cb 56 7 0
1x1/9195ca 57 7 0
1x1/6c96bf 58 7 0
1x1/7396c8 59 7 0
1x2/467083 60 7 0
1x2/467083 62 7 0
1x1/0a3463 63 7 0
1x2/f4f4f4 0 8 0
1x6/f2f3f2 1 8 1
2x3/f4f4f4 7 8 1
1x2/f4f4f4 10 8 1
1x1/f2f3f2 12 8 0
1x8/f4f4f4 13 8 1
1x1/f4f4f4 21 8 0
1x1/fcfcfc 22 8 0
1x2/f4f4f4 23 8 1
1x4/fcfcfc 25 8 1
1x1/f4f4f4 29 8 0
1x2/fcfcfc 30 8 1
1x4/f4f4f4 32 8 1
2x3/f2f3f2 36 8 1
1x1/e0e0e0 39 8 0
1x1/e6e3e0 40 8 0
1x1/f4f4f4 41 8 0
1x1/fcfcfc 42 8 0
1x2/f4f4f4 43 8 0
1x1/e6e3e0 44 8 0
1x1/9ca3a8 45 8 0
1x1/7988a1 46 8 0
1x1/9ca3a8 47 8 0
1x2/afb5c7 49 8 1
1x1/b4d2e3 51 8 0
1x1/afb5c7 52 8 0
1x1/afb5c7 54 8 0
1x1/b4d2e3 55 8 0
1x2/afb5c7 56 8 0
1x1/a5a5cb 57 8 0
1x1/6e8aa6 58 8 0
1x1/6074a1 59 8 0
1x1/354e5a 61 8 0
1x1/6074a1 63 8 0
1x6/f4f4f4 1 9 1
1x2/fcfcfc 10 9 0
1x2/f4f4f4 11 9 1
1x2/fcfcfc 13 9 1
1x2/f2f3f2 15 9 1
1x1/c1dff0 17 9 0
1x1/b4d2e3 18 9 0
1x5/c1dff0 19 9 1
1x6/cfe2f7 24 9 1
1x1/b4d2e3 30 9 0
1x1/afb5c7 31 9 0
1x1/cfe2f7 32 9 0
1x3/f2f3f2 33 9 1
1x2/f4f4f4 39 9 1
1x2/fcfcfc 41 9 0
1x1/f4f4f4 42 9 0
1x1/9c9c9c 44 9 0
1x1/898788 45 9 0
1x1/737271 46 9 0
1x1/7988a1 47 9 0
1x1/9c9c9c 48 9 0
1x2/c9cae2 49 9 0
1x1/c9cae2 50 9 0
1x1/afb5c7 51 9 0
1x1/9ca3a8 52 9 0
1x1/afb5c7 53 9 0
1x2/b4d2e3 54 9 0
1x1/afb5c7 55 9 0
1x1/b4d4f7 57 9 0
1x1/9195ca 58 9 0
1x2/6e8aa6 59 9 1
1x3/6074a1 61 9 0
1x2/6c96bf 62 9 0
1x1/6c96bf 63 9 0
1x10/fcfcfc 0 10 1
1x2/fcfcfc 11 10 1
1x1/f2f3f2 13 10 0
1x1/e0e0e0 14 10 0
1x1/cfe2f7 15 10 0
1x2/c1dff0 16 10 0
1x2/6e8aa6 17 10 0
1x1/5f7d8c 18 10 0
1x1/5b98b3 19 10 0
1x1/9195ca 20 10 0
1x1/7396c8 21 10 0
1x1/7dbfdd 22 10 0
1x1/7396c8 23 10 0
1x1/9195ca 24 10 0
1x3/b4d2e3 25 10 1
1x1/7dbfdd 28 10 0
1x1/6c96bf 29 10 0
1x1/7396c8 30 10 0
1x1/7988a1 31 10 0
1x1/c9cae2 32 10 0
1x1/e0e0e0 33 10 0
1x1/f4f4f4 34 10 0
1x1/f2f3f2 35 10 0
1x2/fcfcfc 36 10 1
1x1/f4f4f4 38 10 0
1x1/f2f3f2 39 10 0
1x1/f4f4f4 40 10 0
1x1/e0e0e0 42 10 0
1x1/898788 43 10 0
1x1/afb5c7 44 10 0
1x1/a5a9b4 45 10 0
1x2/9ca3a8 46 10 1
1x2/7988a1 48 10 0
1x1/afb5c7 50 10 0
1x1/b4d2e3 51 10 0
1x2/c1dff0 52 10 1
1x2/9195ca 55 10 0
1x1/467083 56 10 0
1x1/6c96bf 57 10 0
1x2/7396c8 58 10 1
1x1/9195ca 60 10 0
1x2/6e8aa6 63 10 0
1x4/fcfcfc 0 11 1
1x4/f4f4f4 4 11 1
1x3/f2f3f2 8 11 0
1x2/e0e0e0 9 11 0
1x3/f2f3f2 10 11 0
1x2/d9d9d9 11 11 1
1x1/e0e0e0 13 11 0
1x2/e6e3e0 14 11 0
1x1/e0e0e0 15 11 0
1x2/68aece 18 11 1
1x1/9fc3e9 20 11 0
1x1/b4d2e3 21 11 0
1x1/6c96bf 22 11 0
1x2/5b98b3 23 11 0
1x1/6c96bf 24 11 0
1x1/9fc3e9 25 11 0
1x1/cfe2f7 26 11 0
1x1/a5a5cb 27 11 0
1x1/6074a1 28 11 0
1x1/5f7d8c 29 11 0
1x1/afb5c7 30 11 0
1x2/cfe2f7 31 11 0
1x1/cfe2f7 32 11 0
1x1/d9d9d9 33 11 0
1x1/e6e3e0 34 11 0
1x1/fcfcfc 35 11 0
1x2/e0e0e0 36 11 0
1x1/d4d5c9 37 11 0
1x3/e0e0e0 38 11 1
1x1/d9d9d9 41 11 0
1x2/afb5c7 42 11 1
1x1/9ca3a8 44 11 0
1x1/b4d2e3 45 11 0
1x1/c9cae2 46 11 0
1x2/afb5c7 47 11 0
1x2/9ca3a8 49 11 0
1x1/a5a9b4 50 11 0
1x1/9ca3a8 51 11 0
1x1/7988a1 52 11 0
1x2/9195ca 53 11 1
1x1/c1dff0 56 11 0
1x1/b4d4f7 57 11 0
1x2/9fc3e9 58 11 1
1x2/6c96bf 60 11 0
1x1/6e8aa6 62 11 0
1x1/f2f3f2 0 12 0
1x1/e6e3e0 1 12 0
1x1/d4d5c9 2 12 0
1x1/c9cae2 3 12 0
1x1/d9d9d9 4 12 0
1x3/e6e3e0 5 12 1
1x1/e6e3e0 11 12 0
1x2/f2f3f2 12 12 1
1x1/d9d9d9 15 12 0
1x1/cfe2f7 16 12 0
1x1/a5a5cb 17 12 0
1x1/9fc3e9 18 12 0
1x1/b4d4f7 19 12 0
1x1/cfe2f7 20 12 0
1x1/f2f3f2 21 12 0
1x1/b4d2e3 22 12 0
1x1/7dbfdd 24 12 0
1x1/c1dff0 25 12 0
1x2/b4d2e3 26 12 0
1x1/a5a9b4 27 12 0
1x1/a5a5cb 28 12 0
1x1/b4d2e3 29 12 0
1x1/cfe2f7 30 12 0
1x1/c9cae2 32 12 0
1x1/b4d2e3 33 12 0
1x1/cfe2f7 34 12 0
1x1/e6e3e0 35 12 0
1x1/f2f3f2 37 12 0
1x1/c9cae2 38 12 0
1x2/afb5c7 39 12 1
1x2/b4d2e3 41 12 1
1x1/afb5c7 43 12 0
1x1/b4d2e3 44 12 0
1x1/a5a5cb 45 12 0
1x1/a5a9b4 46 12 0
1x1/a5a5cb 48 12 0
1x2/5f7d8c 50 12 1
1x1/6074a1 52 12 0
1x1/6c96bf 53 12 0
1x1/7396c8 54 12 0
1x1/9fc3e9 55 12 0
1x1/a5a5cb 56 12 0
1x1/6e8aa6 57 12 0
1x1/6c96bf 58 12 0
1x1/9195ca 59 12 0
1x1/7396c8 61 12 0
1x2/9195ca 62 12 1
1x1/9c9c9c 0 13 0
1x1/d9d9d9 1 13 0
1x1/a5adb4 2 13 0
1x1/a0a5a9 3 13 0
1x1/e0e0e0 4 13 0
1x1/f2f3f2 5 13 0
1x1/e6e3e0 6 13 0
1x1/d9d9d9 7 13 0
1x2/e6e3e0 9 13 0
1x1/ffffff 11 13 0
1x2/e6e3e0 12 13 1
1x1/f2f3f2 14 13 0
1x1/c9cae2 15 13 0
1x1/c1dff0 16 13 0
1x1/6c96bf 17 13 0
1x1/9195ca 18 13 0
1x1/a5a5cb 19 13 0
1x1/f4f4f4 20 13 0
1x1/fcfcfc 21 13 0
1x1/a5a9b4 22 13 0
1x1/6074a1 23 13 0
1x1/9195ca 24 13 0
1x1/b4d2e3 25 13 0
1x1/c9cae2 27 13 0
1x2/cfe2f7 28 13 1
1x1/c1dff0 30 13 0
1x1/b4d2e3 31 13 0
1x2/c1dff0 32 13 1
1x1/b4d4f7 34 13 0
1x1/b4d2e3 35 13 0
1x1/c9cae2 36 13 0
1x1/9ca3a8 37 13 0
1x1/7988a1 38 13 0
1x1/9195ca 39 13 0
1x1/a5a5cb 40 13 0
1x1/9195ca 41 13 0
1x1/6e8aa6 42 13 0
1x1/5f7d8c 43 13 0
1x1/7988a1 44 13 0
1x1/6074a1 45 13 0
1x2/467083 46 13 0
1x1/7396c8 47 13 0
1x1/467083 48 13 0
1x2/354e5a 49 13 1
1x1/6c96bf 51 13 0
1x1/9fc3e9 52 13 0
1x3/a5a5cb 53 13 1
1x1/6e8aa6 56 13 0
1x1/9195ca 57 13 0
1x1/9fc3e9 58 13 0
1x1/b4d2e3 59 13 0
1x1/9fc3e9 60 13 0
1x1/a5a5cb 61 13 0
1x1/6c96bf 62 13 0
1x1/7396c8 63 13 0
1x1/7396c8 0 14 0
1x2/9195ca 1 14 1
1x1/b4d2e3 3 14 0
1x1/cfe2f7 4 14 0
1x1/c9cae2 5 14 0
1x2/afb5c7 6 14 0
1x1/d4d5c9 7 14 0
1x1/e0e0e0 8 14 0
1x2/e0e0e0 10 14 1
1x3/c9cae2 12 14 1
1x1/afb5c7 15 14 0
1x1/b4d2e3 16 14 0
1x1/9fc3e9 17 14 0
1x2/7dbfdd 18 14 1
1x2/cfe2f7 20 14 1
1x1/9195ca 22 14 0
1x1/6e8aa6 23 14 0
1x1/7dbfdd 24 14 0
1x1/9fc3e9 25 14 0
1x1/9195ca 26 14 0
1x1/6c96bf 27 14 0
1x3/9195ca 28 14 1
1x2/6e8aa6 31 14 0
1x1/6e8aa6 32 14 0
1x3/6074a1 33 14 1
1x3/6e8aa6 36 14 1
1x1/6074a1 39 14 0
1x4/467083 40 14 1
1x1/354e5a 44 14 0
1x1/467083 45 14 0
2x2/6074a1 47 14 0
1x1/6e8aa6 49 14 0
1x2/6c96bf 50 14 0
1x1/7396c8 51 14 0
1x1/6e8aa6 52 14 0
1x1/9195ca 53 14 0
1x1/9fc3e9 54 14 0
1x1/b4d4f7 55 14 0
1x1/cfe2f7 56 14 0
1x1/b4d4f7 57 14 0
1x3/a5a5cb 58 14 1
1x1/9195ca 61 14 0
1x2/7396c8 62 14 0
1x1/9195ca 63 14 0
1x1/5b98b3 0 15 0
1x1/6c96bf 1 15 0
1x1/9fc3e9 2 15 0
1x1/b4d4f7 3 15 0
1x1/9fc3e9 4 15 0
1x1/9195ca 5 15 0
1x2/c9cae2 7 15 1
1x2/c1dff0 9 15 1
1x2/b4d2e3 11 15 1
1x1/c1dff0 13 15 0
1x1/b4d2e3 14 15 0
1x1/a5a5cb 15 15 0
1x1/9fc3e9 16 15 0
1x1/b4d4f7 17 15 0
1x1/7396c8 18 15 0
1x1/6c96bf 19 15 0
1x2/a5a5cb 20 15 0
1x1/a5a5cb 21 15 0
2x3/6c96bf 22 15 1
1x4/5b98b3 25 15 1
1x2/6e8aa6 29 15 1
1x1/6074a1 32 15 0
2x2/467083 33 15 0
1x2/6e8aa6 35 15 1
1x1/6074a1 37 15 0
1x2/6e8aa6 38 15 1
1x1/6074a1 40 15 0
1x2/467083 41 15 1
1x2/6e8aa6 43 15 1
1x1/6c96bf 45 15 0
1x1/6e8aa6 46 15 0
1x1/6074a1 49 15 0
1x1/a5a5cb 51 15 0
1x1/9fc3e9 52 15 0
1x2/b4d4f7 53 15 1
1x1/b4d2e3 55 15 0
1x2/9fc3e9 56 15 1
1x3/9195ca 58 15 1
1x1/7396c8 61 15 0
1x1/6c96bf 63 15 0
1x1/7dbfdd 0 16 0
1x2/9fc3e9 1 16 0
1x1/b4d2e3 2 16 0
1x1/9fc3e9 3 16 0
1x1/a5a5cb 4 16 0
1x3/9fc3e9 5 16 1
1x2/b4d2e3 8 16 1
1x1/9fc3e9 10 16 0
1x1/9195ca 11 16 0
1x1/7396c8 12 16 0
1x1/68aece 13 16 0
1x1/9fc3e9 14 16 0
1x1/7dbfdd 15 16 0
1x2/9195ca 16 16 1
1x2/6c96bf 18 16 0
1x1/a5a5cb 19 16 0
1x1/6c96bf 21 16 0
1x1/6e8aa6 25 16 0
1x1/5b98b3 26 16 0
1x1/6e8aa6 27 16 0
1x3/6074a1 28 16 1
1x2/467083 31 16 1
1x2/6074a1 35 16 1
1x1/6e8aa6 37 16 0
1x2/6074a1 38 16 0
1x2/6e8aa6 39 16 1
1x1/7396c8 41 16 0
1x1/9195ca 42 16 0
1x1/7396c8 43 16 0
1x1/6e8aa6 44 16 0
1x1/6074a1 45 16 0
1x1/5f7d8c 46 16 0
1x1/6074a1 47 16 0
1x3/6e8aa6 48 16 0
1x1/6c96bf 49 16 0
1x1/a5a5cb 50 16 0
1x1/9fc3e9 51 16 0
1x2/7396c8 52 16 0
1x2/6c96bf 53 16 1
1x2/6074a1 55 16 1
1x2/6e8aa6 57 16 1
1x1/6c96bf 59 16 0
1x1/6e8aa6 60 16 0
1x2/6074a1 61 16 1
1x1/6e8aa6 63 16 0
1x1/cfe2f7 0 17 0
1x1/a5a5cb 2 17 0
1x1/6c96bf 3 17 0
1x1/7396c8 4 17 0
2x2/5b98b3 5 17 0
1x2/7dbfdd 7 17 1
1x3/5b98b3 9 17 0
1x3/6074a1 10 17 1
1x1/467083 13 17 0
1x4/5b98b3 14 17 1
1x3/6074a1 19 17 1
1x2/5b98b3 22 17 1
1x1/6074a1 24 17 0
2x3/467083 25 17 1
1x1/467083 28 17 0
1x2/6074a1 29 17 0
1x1/6e8aa6 30 17 0
1x1/6c96bf 31 17 0
1x1/6e8aa6 32 17 0
1x1/6074a1 33 17 0
1x1/5f7d8c 34 17 0
1x2/6e8aa6 35 17 1
1x1/467083 37 17 0
1x1/9195ca 39 17 0
1x1/b4d2e3 40 17 0
1x1/b4d4f7 41 17 0
1x1/6c96bf 42 17 0
1x1/6074a1 43 17 0
1x1/5f7d8c 44 17 0
1x1/6e8aa6 45 17 0
1x1/7396c8 46 17 0
1x1/6c96bf 47 17 0
1x3/6e8aa6 49 17 1
1x4/6e8aa6 53 17 1
1x2/9195ca 57 17 1
1x1/a5a5cb 59 17 0
1x1/6074a1 60 17 0
1x2/467083 61 17 0
1x2/354e5a 62 17 0
1x1/0d4763 63 17 0
1x1/9195ca 0 18 0
1x2/6e8aa6 1 18 1
1x1/467083 3 18 0
1x1/6c96bf 4 18 0
1x1/5b98b3 7 18 0
1x2/6074a1 8 18 0
1x5/5b98b3 10 18 1
1x4/6074a1 15 18 1
1x1/5b98b3 19 18 0
1x2/6074a1 20 18 1
1x3/467083 22 18 1
1x1/6074a1 28 18 0
1x1/6074a1 30 18 0
1x1/7396c8 31 18 0
1x3/467083 32 18 1
1x1/5f7d8c 35 18 0
1x1/9195ca 36 18 0
1x2/a5a5cb 37 18 0
1x2/b4d2e3 38 18 1
1x1/9195ca 40 18 0
1x1/6e8aa6 41 18 0
1x1/6074a1 42 18 0
1x2/6e8aa6 43 18 0
1x1/7396c8 44 18 0
1x1/6c96bf 45 18 0
1x1/6e8aa6 46 18 0
1x1/6074a1 47 18 0
1x1/6c96bf 49 18 0
1x2/7396c8 50 18 1
1x1/9195ca 52 18 0
1x2/9fc3e9 53 18 0
1x1/b4d4f7 54 18 0
1x1/c1dff0 55 18 0
1x1/b4d4f7 56 18 0
1x2/b4d2e3 57 18 1
1x1/6e8aa6 59 18 0
1x1/6c96bf 60 18 0
1x1/354e5a 63 18 0
1x2/6074a1 0 19 1
1x2/5f7d8c 2 19 0
1x1/5f7d8c 3 19 0
1x3/6074a1 4 19 1
1x2/467083 7 19 0
1x2/5b98b3 10 19 1
1x1/6074a1 12 19 0
1x8/467083 13 19 1
2x2/6074a1 21 19 0
1x1/467083 23 19 0
1x2/6074a1 24 19 0
1x2/6e8aa6 25 19 0
1x2/6074a1 26 19 1
1x1/6e8aa6 28 19 0
1x1/7396c8 29 19 0
1x2/6e8aa6 30 19 0
1x1/6e8aa6 31 19 0
1x2/9195ca 32 19 1
1x1/7396c8 34 19 0
1x1/9195ca 35 19 0
1x1/a5a5cb 36 19 0
1x3/6e8aa6 38 19 1
1x1/6074a1 41 19 0
1x1/5f7d8c 42 19 0
1x1/6e8aa6 44 19 0
1x1/7396c8 45 19 0
1x1/9195ca 46 19 0
1x1/9fc3e9 47 19 0
1x1/9195ca 48 19 0
1x3/6e8aa6 49 19 1
1x1/7396c8 52 19 0
1x2/9fc3e9 54 19 1
1x1/9195ca 56 19 0
1x1/6074a1 57 19 0
1x1/6e8aa6 58 19 0
1x3/7396c8 59 19 1
1x1/467083 62 19 0
1x2/6074a1 63 19 0
2x3/467083 0 20 0
1x1/7988a1 3 20 0
1x1/6e8aa6 4 20 0
1x1/5b98b3 5 20 0
1x4/467083 6 20 0
2x3/467083 8 20 0
1x2/6074a1 10 20 1
1x1/467083 12 20 0
1x2/5b98b3 13 20 0
1x2/6074a1 14 20 0
1x1/6074a1 15 20 0
2x2/467083 16 20 0
1x1/467083 18 20 0
1x2/6074a1 19 20 1
1x1/6c96bf 23 20 0
1x2/9195ca 26 20 0
1x1/a5a5cb 27 20 0
1x1/9195ca 28 20 0
1x2/6e8aa6 29 20 0
1x1/6c96bf 31 20 0
1x2/6e8aa6 32 20 0
1x3/6074a1 33 20 1
1x1/6e8aa6 36 20 0
1x1/7396c8 37 20 0
1x3/6074a1 38 20 0
1x1/6074a1 39 20 0
1x1/9195ca 40 20 0
1x1/6e8aa6 41 20 0
1x1/6c96bf 42 20 0
1x1/9195ca 43 20 0
1x1/9fc3e9 44 20 0
1x1/9195ca 45 20 0
1x2/6c96bf 46 20 1
1x3/6074a1 48 20 1
1x1/5f7d8c 51 20 0
1x1/467083 52 20 0
1x1/6074a1 53 20 0
1x1/5f7d8c 54 20 0
1x1/6074a1 55 20 0
1x6/467083 56 20 1
1x3/354e5a 62 20 0
1x2/595d60 2 21 1
2x2/467083 4 21 0
1x1/6074a1 7 21 0
1x3/467083 10 21 0
1x2/6074a1 11 21 1
1x1/467083 15 21 0
1x3/6074a1 18 21 0
1x1/6e8aa6 19 21 0
1x1/7396c8 20 21 0
1x1/6c96bf 21 21 0
1x1/6074a1 22 21 0
1x1/5f7d8c 23 21 0
1x1/6c96bf 24 21 0
1x1/7396c8 25 21 0
1x1/9195ca 27 21 0
1x1/6e8aa6 28 21 0
1x1/6074a1 30 21 0
1x1/6e8aa6 31 21 0
1x3/6e8aa6 33 21 1
1x2/6074a1 36 21 0
1x1/6074a1 37 21 0
1x2/6e8aa6 39 21 1
1x1/6c96bf 41 21 0
1x1/6e8aa6 42 21 0
1x1/a5a5cb 43 21 0
1x3/5f7d8c 44 21 1
1x1/467083 47 21 0
1x1/6e8aa6 48 21 0
1x1/9195ca 49 21 0
1x1/6074a1 50 21 0
1x1/467083 51 21 0
1x1/5f7d8c 52 21 0
1x2/6e8aa6 53 21 1
1x2/9fc3e9 55 21 1
1x1/a5a5cb 57 21 0
1x1/9fc3e9 58 21 0
1x1/6e8aa6 59 21 0
1x1/6074a1 60 21 0
1x1/5f7d8c 61 21 0
1x1/467083 63 21 0
1x1/467083 2 22 0
1x1/6c6e68 3 22 0
1x1/6e8aa6 7 22 0
1x1/467083 11 22 0
1x2/6074a1 12 22 1
1x3/467083 14 22 0
1x3/6074a1 15 22 1
1x3/467083 19 22 0
1x1/5f7d8c 20 22 0
1x1/6e8aa6 21 22 0
1x1/6c96bf 22 22 0
1x1/6e8aa6 23 22 0
1x2/6074a1 24 22 0
1x1/6e8aa6 25 22 0
1x2/467083 26 22 1
1x1/5f7d8c 28 22 0
1x1/467083 29 22 0
1x4/5f7d8c 30 22 1
1x1/6e8aa6 34 22 0
1x1/6074a1 35 22 0
1x1/6e8aa6 37 22 0
1x1/6074a1 39 22 0
1x1/467083 40 22 0
1x2/6074a1 41 22 1
1x1/6e8aa6 43 22 0
1x1/9195ca 44 22 0
1x1/a5a5cb 45 22 0
1x3/9fc3e9 46 22 1
1x1/b4d2e3 49 22 0
1x2/9fc3e9 50 22 1
1x2/b4d4f7 52 22 1
1x1/9195ca 54 22 0
1x1/7396c8 55 22 0
1x1/a5a5cb 56 22 0
1x1/6e8aa6 57 22 0
1x1/a5a5cb 58 22 0
1x1/6074a1 59 22 0
1x2/467083 60 22 0
1x1/467083 61 22 0
1x1/6e8aa6 63 22 0
1x2/6074a1 0 23 1
1x3/5f7d8c 2 23 1
1x2/467083 5 23 0
1x2/6074a1 7 23 0
1x2/5b98b3 8 23 0
1x1/6074a1 9 23 0
1x2/6e8aa6 11 23 1
1x2/6074a1 13 23 0
1x3/467083 15 23 0
1x2/6074a1 16 23 1
2x3/467083 20 23 1
1x1/6074a1 23 23 0
1x1/6c96bf 25 23 0
1x1/0d4763 26 23 0
1x2/467083 27 23 0
2x6/354e5a 28 23 1
1x8/354e5a 34 23 1
1x2/467083 42 23 1
1x1/b4d2e3 44 23 0
1x1/b4d4f7 45 23 0
1x1/c1dff0 46 23 0
1x2/b4d4f7 47 23 1
1x1/c1dff0 49 23 0
1x1/a5a5cb 50 23 0
1x2/6e8aa6 51 23 0
1x1/c1dff0 52 23 0
1x1/b4d2e3 53 23 0
1x1/5f7d8c 54 23 0
1x2/6e8aa6 55 23 0
1x1/9fc3e9 56 23 0
1x1/467083 57 23 0
1x1/6e8aa6 58 23 0
1x1/6c96bf 59 23 0
1x1/6074a1 61 23 0
1x1/6e8aa6 62 23 0
1x1/9fc3e9 63 23 0
1x5/467083 0 24 1
1x1/6074a1 6 24 0
1x1/5b98b3 9 24 0
1x2/6c96bf 10 24 1
1x1/6e8aa6 12 24 0
2x2/467083 16 24 0
1x1/467083 18 24 0
1x2/467083 23 24 0
1x1/467083 24 24 0
1x1/6074a1 25 24 0
1x1/467083 26 24 0
1x1/354e5a 34 24 0
1x3/467083 35 24 1
1x2/6074a1 38 24 1
1x2/467083 40 24 1
1x1/354e5a 42 24 0
1x2/467083 43 24 0
1x2/a5a5cb 44 24 1
1x2/9fc3e9 46 24 1
1x1/b4d2e3 48 24 0
1x2/9fc3e9 49 24 0
1x1/7396c8 50 24 0
1x2/9fc3e9 52 24 1
1x1/467083 54 24 0
1x1/6074a1 56 24 0
1x2/354e5a 57 24 0
1x2/467083 58 24 0
1x5/7396c8 59 24 1
1x1/6074a1 0 25 0
1x2/467083 1 25 1
1x2/5f7d8c 3 25 0
1x1/467083 4 25 0
1x1/9195ca 5 25 0
1x1/9fc3e9 6 25 0
1x5/b4d4f7 7 25 1
1x2/9fc3e9 12 25 1
1x1/7396c8 14 25 0
1x1/6074a1 18 25 0
1x1/6e8aa6 19 25 0
1x1/6c96bf 20 25 0
1x1/6074a1 21 25 0
1x1/467083 22 25 0
1x1/5f7d8c 24 25 0
1x1/6e8aa6 25 25 0
1x1/9fc3e9 26 25 0
1x1/9195ca 27 25 0
1x1/6074a1 28 25 0
1x2/9195ca 29 25 0
1x1/a5a5cb 30 25 0
1x1/6e8aa6 31 25 0
1x3/5f7d8c 32 25 0
1x2/6c96bf 33 25 0
1x1/5f7d8c 34 25 0
1x1/a5a5cb 35 25 0
1x1/6c96bf 36 25 0
1x1/6e8aa6 37 25 0
1x1/9195ca 38 25 0
1x1/9fc3e9 39 25 0
1x1/a5a5cb 40 25 0
1x3/6e8aa6 41 25 0
1x1/6e8aa6 42 25 0
1x2/6e8aa6 44 25 1
1x3/a5a5cb 46 25 1
1x1/9fc3e9 50 25 0
1x3/7dbfdd 51 25 1
1x1/6074a1 54 25 0
1x2/9195ca 55 25 0
1x1/6e8aa6 56 25 0
1x1/5f7d8c 59 25 0
1x1/7396c8 60 25 0
1x1/9fc3e9 61 25 0
1x1/7396c8 62 25 0
1x1/6c96bf 63 25 0
1x1/6c96bf 0 26 0
1x1/5f7d8c 1 26 0
1x1/354e5a 2 26 0
1x1/9fc3e9 4 26 0
1x1/b4d4f7 5 26 0
1x1/a5a5cb 6 26 0
1x1/9fc3e9 7 26 0
1x1/b4d4f7 8 26 0
1x3/9fc3e9 9 26 1
1x1/b4d2e3 12 26 0
1x1/9fc3e9 13 26 0
1x1/a5a5cb 14 26 0
1x1/7396c8 15 26 0
1x1/6e8aa6 16 26 0
1x1/9fc3e9 17 26 0
1x2/9195ca 18 26 0
1x1/9fc3e9 19 26 0
1x1/b4d2e3 20 26 0
1x1/9fc3e9 21 26 0
1x2/a5a5cb 22 26 1
1x1/9195ca 24 26 0
1x1/7988a1 25 26 0
1x1/6e8aa6 26 26 0
1x1/6c96bf 27 26 0
1x2/7396c8 28 26 0
1x1/9195ca 30 26 0
1x1/6c96bf 31 26 0
1x1/a5a5cb 34 26 0
1x1/6074a1 35 26 0
1x1/9fc3e9 36 26 0
1x1/b4d2e3 37 26 0
1x1/9fc3e9 38 26 0
1x1/6c96bf 39 26 0
1x1/9195ca 40 26 0
1x1/a5a5cb 42 26 0
1x1/9195ca 43 26 0
1x2/a5a5cb 44 26 1
1x3/9195ca 46 26 1
1x1/a5a5cb 49 26 0
1x1/afb5c7 50 26 0
1x1/9195ca 51 26 0
1x1/7396c8 52 26 0
1x2/6e8aa6 53 26 1
1x1/7dbfdd 56 26 0
1x1/6e8aa6 57 26 0
1x1/9195ca 58 26 0
1x1/7988a1 59 26 0
1x1/595d60 60 26 0
1x1/6e8aa6 61 26 0
2x2/9fc3e9 62 26 0
1x1/a5a5cb 0 27 0
1x3/6e8aa6 1 27 0
1x1/595d60 2 27 0
1x1/9ca3a8 3 27 0
1x1/b4d4f7 4 27 0
1x1/9195ca 5 27 0
1x1/9fc3e9 6 27 0
1x2/7dbfdd 7 27 1
1x1/9195ca 9 27 0
1x2/6e8aa6 10 27 0
1x1/7396c8 11 27 0
1x1/6c96bf 12 27 0
1x1/6e8aa6 13 27 0
1x1/467083 14 27 0
1x1/6e8aa6 15 27 0
1x2/9fc3e9 16 27 0
1x1/9195ca 17 27 0
1x2/b4d4f7 19 27 0
1x1/a5a5cb 20 27 0
1x3/9195ca 21 27 1
1x1/5f7d8c 24 27 0
1x1/467083 25 27 0
1x1/9195ca 26 27 0
1x1/9fc3e9 27 27 0
1x1/6c96bf 29 27 0
1x1/5f7d8c 30 27 0
1x1/354e5a 31 27 0
1x1/6074a1 33 27 0
1x2/9195ca 34 27 0
1x2/a5a5cb 35 27 0
1x1/afb5c7 36 27 0
1x1/5f7d8c 37 27 0
1x1/467083 38 27 0
1x1/5f7d8c 39 27 0
1x1/7988a1 40 27 0
1x2/7988a1 42 27 0
1x1/7988a1 43 27 0
1x1/5f7d8c 44 27 0
1x1/9195ca 45 27 0
1x1/6c96bf 46 27 0
1x2/5f7d8c 47 27 0
1x1/5f7d8c 48 27 0
1x1/595d60 49 27 0
1x2/5f7d8c 50 27 0
1x2/595d60 51 27 0
1x1/616161 52 27 0
1x2/354e5a 53 27 1
1x1/7988a1 55 27 0
1x1/a5a5cb 56 27 0
1x1/7dbfdd 57 27 0
1x2/9fc3e9 58 27 0
1x1/a5a9b4 59 27 0
1x2/354e5a 60 27 0
1x1/7988a1 61 27 0
1x1/467083 0 28 0
1x1/5f7d8c 2 28 0
1x1/6e8aa6 3 28 0
1x1/9195ca 4 28 0
1x1/6c96bf 5 28 0
1x2/6e8aa6 6 28 1
1x2/9fc3e9 8 28 1
1x2/5f7d8c 11 28 1
1x1/467083 13 28 0
1x1/9195ca 14 28 0
1x1/b4d2e3 15 28 0
1x1/9fc3e9 17 28 0
1x1/b4d2e3 18 28 0
1x1/6e8aa6 20 28 0
1x1/7396c8 21 28 0
1x1/9195ca 22 28 0
1x2/5f7d8c 23 28 0
1x2/354e5a 24 28 1
1x1/5f7d8c 26 28 0
1x2/6e8aa6 27 28 1
1x2/9fc3e9 29 28 0
1x2/a5a5cb 30 28 1
1x2/7988a1 32 28 1
1x1/467083 36 28 0
1x2/3e3c39 37 28 0
1x1/3e3c39 38 28 0
1x1/595d60 39 28 0
1x1/5f7d8c 40 28 0
1x1/7988a1 41 28 0
1x1/9ca3a8 43 28 0
1x1/6c96bf 44 28 0
1x2/5f7d8c 45 28 0
1x1/467083 46 28 0
1x1/9195ca 48 28 0
1x1/5f7d8c 49 28 0
1x3/595d60 52 28 0
1x1/595d60 53 28 0
1x1/5f7d8c 54 28 0
1x1/595d60 55 28 0
1x1/6e8aa6 56 28 0
1x1/a5a5cb 57 28 0
1x1/5f7d8c 59 28 0
1x1/595d60 61 28 0
1x2/7988a1 62 28 1
1x1/354e5a 0 29 0
1x1/9fc3e9 2 29 0
1x1/b4d4f7 3 29 0
1x1/9fc3e9 4 29 0
1x2/5f7d8c 5 29 1
1x1/467083 7 29 0
1x1/6074a1 8 29 0
1x1/9fc3e9 9 29 0
1x1/b4d4f7 10 29 0
1x2/a5a5cb 11 29 1
1x1/7396c8 13 29 0
1x1/a5a5cb 14 29 0
1x1/7396c8 15 29 0
1x1/a5a5cb 16 29 0
1x2/b4d2e3 17 29 0
1x2/9fc3e9 18 29 0
1x1/7396c8 19 29 0
1x1/9fc3e9 20 29 0
1x1/a5a5cb 21 29 0
1x1/9fc3e9 22 29 0
2x2/4d4c52 24 29 0
1x4/354e5a 26 29 0
1x1/5f7d8c 27 29 0
1x1/9fc3e9 28 29 0
1x1/9fc3e9 30 29 0
1x1/a5a5cb 31 29 0
1x1/6e8aa6 32 29 0
1x2/7988a1 33 29 1
1x1/595d60 35 29 0
1x3/4d4c52 36 29 0
1x1/4d4c52 38 29 0
1x1/6c6e68 39 29 0
1x1/898788 40 29 0
1x1/595d60 41 29 0
1x1/737271 42 29 0
1x1/595d60 43 29 0
1x1/b4d2e3 44 29 0
1x1/595d60 46 29 0
1x2/467083 47 29 0
1x1/6074a1 48 29 0
1x1/9195ca 49 29 0
1x1/354e5a 50 29 0
1x4/467083 51 29 0
1x3/354e5a 53 29 1
1x1/1b2a34 56 29 0
1x1/354e5a 57 29 0
1x1/6e8aa6 58 29 0
1x1/7988a1 59 29 0
1x2/5f7d8c 60 29 1
1x2/467083 62 29 1
1x1/1b2a34 0 30 0
1x1/6074a1 1 30 0
1x2/7dbfdd 2 30 0
1x1/b4d2e3 3 30 0
1x1/9195ca 4 30 0
1x1/6e8aa6 5 30 0
1x3/6074a1 6 30 0
1x3/5f7d8c 7 30 1
1x1/6e8aa6 10 30 0
1x1/7dbfdd 11 30 0
1x3/9fc3e9 12 30 1
1x1/9195ca 15 30 0
1x1/9fc3e9 16 30 0
1x1/a5a5cb 19 30 0
1x2/b4d4f7 20 30 0
1x1/b4d2e3 21 30 0
1x2/9195ca 22 30 0
1x4/595d60 23 30 0
1x1/354e5a 27 30 0
1x1/6e8aa6 28 30 0
1x2/7396c8 29 30 1
1x1/9fc3e9 31 30 0
1x1/a5a5cb 32 30 0
1x1/afb5c7 33 30 0
1x1/9ca3a8 34 30 0
1x1/616161 35 30 0
1x1/4d4c52 37 30 0
1x1/354e5a 38 30 0
1x1/5f7d8c 39 30 0
1x2/7988a1 40 30 0
1x1/6c6e68 41 30 0
1x1/898788 42 30 0
1x1/afb5c7 43 30 0
1x1/5f7d8c 44 30 0
2x2/1b2a34 45 30 0
1x1/6e8aa6 48 30 0
1x2/6c96bf 49 30 1
1x1/5f7d8c 53 30 0
1x3/467083 54 30 1
1x1/6074a1 57 30 0
1x1/a5a5cb 58 30 0
1x1/cfe2f7 59 30 0
1x1/c1dff0 60 30 0
1x1/b4d2e3 61 30 0
1x1/9fc3e9 62 30 0
1x1/a5a5cb 63 30 0
1x1/0a1327 0 31 0
1x2/467083 1 31 0
1x1/7396c8 3 31 0
1x2/6c96bf 4 31 1
1x1/467083 7 31 0
1x2/5f7d8c 8 31 0
1x2/467083 9 31 0
1x1/467083 10 31 0
1x2/6c96bf 11 31 1
1x1/9195ca 13 31 0
1x1/6e8aa6 14 31 0
1x1/9fc3e9 15 31 0
1x2/b4d4f7 16 31 1
1x1/b4d2e3 18 31 0
1x1/b4d4f7 19 31 0
1x1/b4d4f7 21 31 0
1x2/4d4c52 24 31 0
1x1/354e5a 25 31 0
1x2/595d60 27 31 0
1x6/467083 28 31 1
1x2/595d60 34 31 1
1x1/354e5a 37 31 0
1x1/595d60 38 31 0
1x1/467083 39 31 0
1x1/7988a1 41 31 0
1x1/afb5c7 42 31 0
1x1/5f7d8c 43 31 0
1x1/0a1327 44 31 0
1x1/0a1327 47 31 0
1x1/595d60 48 31 0
1x2/9fc3e9 49 31 1
1x1/6e8aa6 52 31 0
1x1/c1dff0 53 31 0
1x1/9fc3e9 54 31 0
1x2/6e8aa6 55 31 1
1x1/9195ca 57 31 0
1x1/7dbfdd 58 31 0
1x1/9fc3e9 59 31 0
1x1/b4d2e3 60 31 0
1x2/c1dff0 61 31 1
1x1/9ca3a8 63 31 0
1x1/467083 0 32 0
1x1/5f7d8c 2 32 0
1x1/6e8aa6 3 32 0
1x2/6074a1 4 32 0
1x1/6074a1 5 32 0
1x1/6074a1 7 32 0
1x1/354e5a 10 32 0
1x3/6e8aa6 11 32 1
1x1/9195ca 14 32 0
1x1/a5a5cb 15 32 0
1x1/7396c8 16 32 0
1x1/6e8aa6 17 32 0
1x4/9195ca 18 32 1
1x1/6074a1 22 32 0
1x1/4d4c52 25 32 0
1x1/5f7d8c 28 32 0
1x2/9195ca 29 32 1
1x1/7396c8 31 32 0
1x6/9195ca 32 32 1
1x3/a5a5cb 38 32 1
1x2/9fc3e9 41 32 0
1x1/9fc3e9 42 32 0
1x1/6e8aa6 43 32 0
1x1/5f7d8c 44 32 0
1x1/467083 45 32 0
1x1/354e5a 46 32 0
1x1/467083 47 32 0
1x3/354e5a 48 32 1
1x1/a5a5cb 52 32 0
1x1/9fc3e9 53 32 0
1x1/a5a5cb 54 32 0
1x1/6074a1 55 32 0
1x1/5f7d8c 56 32 0
1x1/6e8aa6 57 32 0
1x1/7396c8 58 32 0
1x1/b4d4f7 59 32 0
1x1/c1dff0 60 32 0
1x2/a5a5cb 61 32 0
1x1/616161 62 32 0
1x1/4d4c52 63 32 0
1x1/6074a1 0 33 0
1x2/354e5a 1 33 0
1x1/354e5a 2 33 0
1x1/467083 3 33 0
1x4/9fc3e9 5 33 1
1x1/7396c8 9 33 0
1x1/467083 10 33 0
1x1/354e5a 11 33 0
1x2/595d60 12 33 1
2x2/5f7d8c 14 33 0
1x1/467083 16 33 0
1x1/6074a1 17 33 0
1x5/5f7d8c 18 33 0
1x2/6074a1 19 33 0
1x3/6e8aa6 20 33 1
1x3/595d60 24 33 1
1x1/354e5a 27 33 0
1x1/595d60 28 33 0
1x1/6e8aa6 29 33 0
1x10/9fc3e9 30 33 1
1x2/9fc3e9 40 33 0
1x1/7dbfdd 42 33 0
1x1/7396c8 43 33 0
1x1/6e8aa6 44 33 0
1x2/6074a1 45 33 1
1x1/6e8aa6 47 33 0
1x3/5f7d8c 48 33 0
1x1/5f7d8c 49 33 0
1x1/1b2a34 50 33 0
1x1/595d60 51 33 0
1x1/6c96bf 52 33 0
1x2/6e8aa6 53 33 1
1x1/5f7d8c 55 33 0
1x1/354e5a 56 33 0
1x2/595d60 57 33 0
1x2/5f7d8c 58 33 1
1x1/7988a1 60 33 0
1x1/9ca3a8 62 33 0
1x1/a5a5cb 63 33 0
1x1/354e5a 0 34 0
1x1/467083 2 34 0
1x1/7988a1 3 34 0
1x2/b4d2e3 4 34 0
1x1/b4d4f7 5 34 0
1x4/9fc3e9 6 34 0
1x1/b4d4f7 7 34 0
1x3/9fc3e9 8 34 1
1x1/6074a1 11 34 0
1x1/5f7d8c 12 34 0
1x1/467083 13 34 0
1x1/5f7d8c 16 34 0
1x3/467083 17 34 0
1x2/6074a1 20 34 0
1x3/6e8aa6 21 34 1
1x1/5f7d8c 24 34 0
1x2/467083 25 34 1
1x1/595d60 27 34 0
1x1/3e3c39 28 34 0
1x1/7988a1 29 34 0
1x1/a5a5cb 30 34 0
2x4/9fc3e9 31 34 1
1x5/9fc3e9 35 34 0
1x1/9195ca 36 34 0
1x1/7dbfdd 37 34 0
1x2/9fc3e9 38 34 1
1x1/7396c8 41 34 0
1x3/6c96bf 42 34 1
1x5/6e8aa6 45 34 0
1x1/6e8aa6 46 34 0
1x1/6074a1 47 34 0
1x4/6074a1 49 34 0
1x3/467083 50 34 1
1x2/6074a1 53 34 1
1x1/467083 55 34 0
1x1/4d4c52 56 34 0
1x1/354e5a 58 34 0
1x1/595d60 59 34 0
1x1/a5a5cb 60 34 0
1x1/b4d2e3 61 34 0
1x1/b4d4f7 62 34 0
1x2/9fc3e9 63 34 0
1x1/7988a1 0 35 0
1x1/b4d2e3 1 35 0
1x1/cfe2f7 2 35 0
1x1/a5a9b4 3 35 0
1x2/b4d2e3 5 35 0
1x2/b4d2e3 7 35 1
1x2/9fc3e9 9 35 0
1x1/b4d2e3 10 35 0
1x2/b4d4f7 11 35 0
1x2/9fc3e9 12 35 1
1x1/6c96bf 14 35 0
1x3/6074a1 15 35 0
1x2/6e8aa6 16 35 0
1x3/467083 19 35 0
1x3/6074a1 21 35 0
1x1/6e8aa6 22 35 0
1x2/6c96bf 23 35 1
1x1/6e8aa6 25 35 0
1x1/7988a1 26 35 0
1x1/354e5a 27 35 0
1x1/737271 28 35 0
1x2/afb5c7 29 35 1
1x1/6074a1 36 35 0
1x1/6c96bf 37 35 0
1x2/7dbfdd 38 35 1
1x1/7396c8 40 35 0
1x1/6074a1 41 35 0
1x3/6e8aa6 42 35 0
1x2/6e8aa6 43 35 1
1x3/6074a1 46 35 0
1x1/5f7d8c 47 35 0
1x3/6074a1 50 35 0
1x3/467083 51 35 1
1x1/5f7d8c 54 35 0
1x1/6e8aa6 55 35 0
1x2/354e5a 56 35 1
1x1/3e3c39 58 35 0
1x2/0a1327 59 35 0
1x2/3e3c39 60 35 0
1x1/7988a1 61 35 0
1x1/b4d2e3 62 35 0
1x2/b4d4f7 0 36 0
1x2/c1dff0 1 36 1
1x1/7988a1 3 36 0
1x1/a5a5cb 4 36 0
1x2/9fc3e9 7 36 1
1x2/9fc3e9 10 36 0
1x1/b4d4f7 12 36 0
1x2/9fc3e9 13 36 0
1x1/7396c8 14 36 0
1x2/467083 20 36 0
1x2/6074a1 22 36 0
1x1/6e8aa6 23 36 0
1x2/6c96bf 24 36 0
1x1/6c96bf 25 36 0
1x2/5f7d8c 26 36 0
1x1/595d60 27 36 0
1x1/a0a5a9 28 36 0
1x1/9c9c9c 29 36 0
1x1/a5a9b4 30 36 0
1x1/a5a5cb 31 36 0
1x1/6e8aa6 32 36 0
1x1/7dbfdd 33 36 0
1x3/9fc3e9 34 36 0
1x1/6c96bf 36 36 0
1x1/7396c8 37 36 0
1x2/9fc3e9 38 36 0
1x3/6c96bf 39 36 1
1x2/6c96bf 43 36 0
1x1/6074a1 44 36 0
1x2/467083 47 36 1
1x1/467083 51 36 0
1x2/5f7d8c 52 36 0
1x1/467083 53 36 0
1x1/595d60 54 36 0
1x1/467083 55 36 0
1x1/5f7d8c 56 36 0
1x2/6e8aa6 57 36 0
1x1/595d60 58 36 0
1x1/575857 61 36 0
1x1/7988a1 62 36 0
1x1/a5a5cb 63 36 0
1x2/b4d4f7 1 37 1
1x1/467083 3 37 0
1x1/7396c8 4 37 0
1x1/b4d4f7 5 37 0
1x1/b4d4f7 7 37 0
1x1/9fc3e9 8 37 0
1x1/b4d4f7 9 37 0
1x2/9fc3e9 11 37 1
1x1/6c96bf 14 37 0
1x2/6c96bf 16 37 1
1x1/6c96bf 23 37 0
1x1/7396c8 25 37 0
1x1/5f7d8c 27 37 0
1x1/a5a9b4 28 37 0
1x1/575857 29 37 0
1x2/9c9c9c 30 37 0
1x1/9ca3a8 31 37 0
1x1/467083 32 37 0
1x1/9195ca 33 37 0
2x2/9fc3e9 36 37 0
1x2/6074a1 39 37 1
1x2/6e8aa6 41 37 0
1x1/6e8aa6 44 37 0
1x1/6074a1 47 37 0
1x5/467083 48 37 0
1x1/6e8aa6 51 37 0
1x2/1b2a34 53 37 1
1x1/7988a1 55 37 0
1x1/6074a1 56 37 0
1x2/6e8aa6 58 37 0
1x1/5f7d8c 59 37 0
1x1/6c6e68 60 37 0
1x2/616161 61 37 0
1x1/4d4c52 62 37 0
1x1/467083 63 37 0
1x1/7988a1 0 38 0
1x1/a5a5cb 1 38 0
1x1/9195ca 2 38 0
1x1/6e8aa6 3 38 0
1x1/7988a1 4 38 0
1x2/6e8aa6 5 38 1
1x1/5f7d8c 7 38 0
1x2/467083 8 38 1
1x1/5f7d8c 10 38 0
1x1/467083 11 38 0
1x1/5f7d8c 12 38 0
1x1/7988a1 13 38 0
1x3/5f7d8c 14 38 0
1x1/6e8aa6 15 38 0
1x1/467083 16 38 0
1x1/354e5a 17 38 0
1x1/467083 18 38 0
1x1/6074a1 19 38 0
1x1/6e8aa6 20 38 0
1x1/6c96bf 21 38 0
1x2/6e8aa6 22 38 1
1x2/6074a1 24 38 0
1x2/6e8aa6 25 38 1
1x1/a5a9b4 27 38 0
1x1/a5adb4 28 38 0
1x1/5e5e5e 29 38 0
1x1/7988a1 31 38 0
1x1/9195ca 32 38 0
1x1/9fc3e9 33 38 0
1x1/7dbfdd 38 38 0
1x2/6e8aa6 39 38 1
1x1/5f7d8c 42 38 0
1x1/6074a1 43 38 0
1x1/6c96bf 44 38 0
1x1/6e8aa6 46 38 0
1x6/467083 47 38 0
1x5/467083 49 38 0
1x2/5f7d8c 50 38 1
1x2/6074a1 52 38 0
1x2/6e8aa6 53 38 1
1x1/6074a1 55 38 0
1x2/5f7d8c 56 38 0
1x1/6074a1 57 38 0
1x1/6e8aa6 59 38 0
1x1/7988a1 60 38 0
1x2/6c6e68 62 38 0
1x1/5f7d8c 63 38 0
1x1/3e3c39 0 39 0
1x1/4d4c52 1 39 0
1x1/595d60 2 39 0
1x1/575857 3 39 0
1x1/616161 4 39 0
1x1/595d60 5 39 0
1x1/4d4c52 6 39 0
1x1/737271 7 39 0
1x1/575857 8 39 0
1x1/4d4c52 9 39 0
1x1/737271 10 39 0
1x1/595d60 11 39 0
1x1/467083 12 39 0
1x1/5f7d8c 13 39 0
1x2/467083 15 39 0
1x1/5f7d8c 16 39 0
1x2/6c96bf 17 39 0
1x2/6e8aa6 18 39 0
1x1/6e8aa6 19 39 0
1x3/6074a1 20 39 1
1x5/467083 23 39 0
1x2/6074a1 25 39 0
1x1/6e8aa6 26 39 0
1x1/7988a1 27 39 0
1x1/9ca3a8 28 39 0
1x2/a0a5a9 29 39 1
1x1/a5a9b4 31 39 0
1x1/9ca3a8 32 39 0
1x1/9195ca 33 39 0
1x1/6e8aa6 34 39 0
1x3/6074a1 35 39 1
1x3/467083 38 39 1
1x2/354e5a 41 39 0
1x1/354e5a 42 39 0
3x3/467083 43 39 0
1x6/467083 46 39 0
1x1/467083 50 39 0
1x1/6074a1 51 39 0
1x1/6074a1 53 39 0
1x1/6e8aa6 54 39 0
1x2/5f7d8c 55 39 0
1x3/467083 57 39 0
1x2/5f7d8c 58 39 0
1x1/5f7d8c 59 39 0
1x1/354e5a 60 39 0
1x1/1b2a34 61 39 0
1x2/4d4c52 63 39 0
1x1/354e5a 0 40 0
1x1/3e3c39 1 40 0
1x1/737271 2 40 0
1x2/898788 3 40 0
1x1/898788 4 40 0
1x1/616161 5 40 0
1x1/3e3c39 6 40 0
1x1/9c9c9c 7 40 0
1x1/6c6e68 8 40 0
1x1/737271 9 40 0
1x1/898788 10 40 0
1x1/7988a1 11 40 0
1x2/6e8aa6 12 40 1
1x1/467083 16 40 0
1x1/6074a1 19 40 0
2x4/467083 20 40 0
1x1/6074a1 22 40 0
1x2/467083 24 40 0
1x1/6c96bf 26 40 0
1x3/5f7d8c 27 40 0
1x3/7988a1 28 40 0
1x1/6c6e68 29 40 0
1x1/9c9c9c 30 40 0
1x1/898788 31 40 0
1x2/7988a1 32 40 0
1x1/595d60 33 40 0
1x1/4d4c52 34 40 0
1x4/354e5a 35 40 1
1x1/595d60 39 40 0
1x1/5f7d8c 40 40 0
1x3/467083 42 40 0
1x1/5f7d8c 50 40 0
1x1/467083 51 40 0
1x1/5f7d8c 52 40 0
1x1/6e8aa6 53 40 0
1x3/5f7d8c 54 40 0
1x3/467083 56 40 0
1x1/7988a1 59 40 0
1x1/4d4c52 60 40 0
1x1/0a1327 61 40 0
1x1/737271 62 40 0
1x2/5f7d8c 0 41 0
1x2/4d4c52 1 41 1
1x4/9c9c9c 4 41 0
1x1/737271 5 41 0
1x1/4d4c52 6 41 0
1x1/9ca3a8 7 41 0
1x1/737271 8 41 0
1x1/898788 9 41 0
1x1/7988a1 10 41 0
1x1/5f7d8c 11 41 0
1x2/6c96bf 12 41 0
1x1/6e8aa6 13 41 0
1x1/1b2a34 14 41 0
1x1/5f7d8c 15 41 0
1x1/7396c8 16 41 0
1x1/6074a1 17 41 0
1x1/7396c8 18 41 0
1x1/467083 19 41 0
1x3/467083 22 41 0
1x3/467083 25 41 0
1x1/6e8aa6 26 41 0
1x1/595d60 29 41 0
1x2/7988a1 30 41 1
1x2/7988a1 33 41 0
1x1/6c6e68 34 41 0
1x1/595d60 35 41 0
1x1/467083 36 41 0
1x1/595d60 37 41 0
1x1/354e5a 38 41 0
1x1/5f7d8c 39 41 0
1x1/6e8aa6 40 41 0
1x1/595d60 41 41 0
1x1/354e5a 50 41 0
1x1/5f7d8c 51 41 0
1x1/6e8aa6 52 41 0
1x1/6074a1 53 41 0
1x2/467083 55 41 0
1x2/467083 58 41 1
1x1/5f7d8c 60 41 0
1x1/9ca3a8 61 41 0
1x1/afb5c7 62 41 0
1x1/c1dff0 63 41 0
1x1/898788 1 42 0
1x1/1b2a34 2 42 0
1x2/616161 3 42 0
1x2/9ca3a8 5 42 1
1x2/9c9c9c 7 42 0
1x1/9c9c9c 8 42 0
1x1/7988a1 9 42 0
1x3/5f7d8c 10 42 0
1x1/7988a1 11 42 0
1x1/5f7d8c 13 42 0
1x2/354e5a 14 42 0
1x1/9195ca 15 42 0
1x1/9fc3e9 16 42 0
1x1/7dbfdd 17 42 0
1x1/9195ca 18 42 0
1x1/6074a1 19 42 0
1x1/5f7d8c 24 42 0
1x1/6074a1 26 42 0
1x1/6c96bf 29 42 0
1x1/9fc3e9 30 42 0
1x6/b4d4f7 31 42 0
1x1/afb5c7 32 42 0
1x1/5f7d8c 34 42 0
1x1/354e5a 35 42 0
1x1/595d60 36 42 0
1x2/5f7d8c 37 42 1
1x1/467083 39 42 0
1x1/5f7d8c 40 42 0
1x1/354e5a 41 42 0
1x1/5f7d8c 43 42 0
1x2/467083 44 42 1
1x1/354e5a 48 42 0
1x1/5f7d8c 50 42 0
1x1/6074a1 51 42 0
1x1/5f7d8c 52 42 0
1x2/467083 53 42 0
1x1/6e8aa6 57 42 0
1x1/9195ca 58 42 0
1x1/9fc3e9 59 42 0
1x3/cfe2f7 60 42 1
1x2/b4d4f7 63 42 0
1x2/354e5a 0 43 1
1x1/4d4c52 2 43 0
1x1/898788 5 43 0
1x1/737271 6 43 0
1x2/5f7d8c 8 43 1
1x1/b4d2e3 11 43 0
1x1/6e8aa6 12 43 0
1x1/7396c8 13 43 0
1x1/9fc3e9 15 43 0
1x1/6074a1 16 43 0
1x1/6c96bf 17 43 0
1x1/b4d4f7 18 43 0
1x1/6c96bf 19 43 0
1x1/354e5a 24 43 0
1x1/467083 26 43 0
1x1/a5a5cb 27 43 0
1x1/b4d2e3 28 43 0
2x3/b4d4f7 29 43 0
1x4/b4d4f7 32 43 0
1x1/b4d2e3 33 43 0
1x1/a5a5cb 34 43 0
1x1/5f7d8c 35 43 0
1x1/354e5a 36 43 0
1x1/6e8aa6 37 43 0
1x2/6c96bf 38 43 0
1x1/7396c8 39 43 0
1x3/6e8aa6 40 43 0
1x1/6c96bf 41 43 0
1x3/354e5a 42 43 1
1x1/467083 45 43 0
1x1/467083 48 43 0
1x1/5f7d8c 49 43 0
1x2/6e8aa6 50 43 1
1x1/6074a1 52 43 0
1x1/467083 54 43 0
1x1/6e8aa6 55 43 0
1x1/9fc3e9 56 43 0
1x6/b4d4f7 57 43 0
1x3/c1dff0 58 43 1
1x2/b4d4f7 61 43 1
1x1/898788 0 44 0
1x1/4d4c52 1 44 0
1x1/595d60 2 44 0
1x1/6c6e68 3 44 0
1x1/6c6e68 5 44 0
1x1/3e3c39 6 44 0
1x2/7988a1 7 44 0
1x1/595d60 8 44 0
1x1/467083 9 44 0
1x1/467083 11 44 0
1x1/6074a1 12 44 0
1x1/6e8aa6 13 44 0
1x1/9195ca 14 44 0
1x1/6074a1 15 44 0
1x3/6e8aa6 16 44 0
1x1/6e8aa6 17 44 0
1x1/6074a1 18 44 0
1x1/6e8aa6 19 44 0
1x2/467083 20 44 1
1x1/6c96bf 22 44 0
1x1/6e8aa6 23 44 0
1x1/5f7d8c 24 44 0
1x1/7396c8 25 44 0
1x3/b4d4f7 26 44 1
1x3/b4d4f7 33 44 1
1x1/9fc3e9 36 44 0
1x1/6074a1 37 44 0
1x1/6074a1 39 44 0
1x2/354e5a 41 44 1
1x1/467083 43 44 0
1x1/1b2a34 44 44 0
1x1/354e5a 45 44 0
1x1/467083 47 44 0
1x4/354e5a 48 44 1
1x1/5f7d8c 52 44 0
1x1/9195ca 53 44 0
1x1/b4d2e3 54 44 0
1x1/c1dff0 55 44 0
1x4/b4d4f7 56 44 0
1x2/b4d4f7 58 44 0
1x5/c1dff0 59 44 1
1x1/9c9c9c 0 45 0
1x1/737271 1 45 0
1x1/5f7d8c 2 45 0
1x1/7988a1 3 45 0
1x1/9ca3a8 4 45 0
1x2/7988a1 5 45 0
1x1/595d60 6 45 0
1x1/5f7d8c 8 45 0
1x1/7988a1 9 45 0
1x1/6e8aa6 10 45 0
1x1/a5a5cb 11 45 0
1x1/9fc3e9 12 45 0
1x1/6c96bf 13 45 0
1x1/5f7d8c 14 45 0
1x2/354e5a 15 45 0
1x2/9fc3e9 17 45 0
1x1/6c96bf 18 45 0
1x1/6074a1 19 45 0
1x1/7396c8 20 45 0
1x1/6c96bf 21 45 0
1x1/6e8aa6 22 45 0
1x2/7988a1 23 45 1
1x1/5f7d8c 25 45 0
1x1/9195ca 26 45 0
1x2/b4d4f7 27 45 1
1x1/b4d4f7 33 45 0
1x1/9fc3e9 34 45 0
1x2/6e8aa6 35 45 1
1x1/6c96bf 37 45 0
1x1/6074a1 38 45 0
1x1/6c96bf 39 45 0
1x1/467083 41 45 0
1x1/6074a1 42 45 0
1x1/9195ca 43 45 0
1x1/6e8aa6 44 45 0
1x3/467083 45 45 0
1x3/6e8aa6 46 45 1
1x1/467083 49 45 0
1x1/5f7d8c 50 45 0
1x1/6e8aa6 51 45 0
1x1/a5a5cb 52 45 0
2x16/c1dff0 53 45 0
1x1/b4d4f7 55 45 0
1x1/c1dff0 59 45 0
1x1/b4d4f7 60 45 0
1x3/c1dff0 61 45 1
1x1/9ca3a8 0 46 0
1x1/a0a5a9 1 46 0
1x3/7988a1 2 46 0
1x1/467083 3 46 0
1x1/7988a1 4 46 0
1x1/9ca3a8 6 46 0
1x1/6e8aa6 7 46 0
1x1/7988a1 8 46 0
1x1/6e8aa6 9 46 0
1x1/5f7d8c 10 46 0
1x1/b4d4f7 11 46 0
1x1/6e8aa6 12 46 0
1x1/7396c8 13 46 0
1x2/1b2a34 14 46 0
1x1/7dbfdd 18 46 0
1x2/9fc3e9 19 46 0
1x1/6e8aa6 20 46 0
1x1/467083 21 46 0
1x1/354e5a 22 46 0
1x1/467083 23 46 0
1x2/354e5a 24 46 1
1x1/467083 26 46 0
1x1/6e8aa6 27 46 0
1x3/9fc3e9 28 46 1
1x1/a5a5cb 33 46 0
1x1/5f7d8c 34 46 0
1x1/467083 35 46 0
1x1/5f7d8c 36 46 0
1x1/6074a1 37 46 0
1x1/467083 38 46 0
1x3/6074a1 39 46 1
1x2/6e8aa6 42 46 1
1x1/6074a1 44 46 0
1x1/467083 46 46 0
1x1/5f7d8c 47 46 0
1x1/6074a1 48 46 0
1x1/a5a5cb 49 46 0
2x14/c1dff0 50 46 0
1x12/c1dff0 52 46 0
1x5/c1dff0 55 46 0
1x2/c1dff0 58 46 0
1x3/b4d4f7 59 46 0
1x2/c1dff0 60 46 0
1x2/b4d4f7 61 46 1
1x1/c1dff0 63 46 0
1x1/9c9c9c 0 47 0
1x1/9ca3a8 1 47 0
1x2/354e5a 3 47 0
1x1/5f7d8c 4 47 0
1x2/6e8aa6 5 47 0
1x1/7988a1 6 47 0
1x2/9195ca 7 47 1
1x1/6c96bf 9 47 0
1x1/9fc3e9 10 47 0
1x1/354e5a 11 47 0
1x2/467083 12 47 1
1x2/467083 15 47 0
1x1/7396c8 16 47 0
1x1/6c96bf 17 47 0
1x1/7396c8 18 47 0
1x1/5f7d8c 20 47 0
1x1/354e5a 21 47 0
1x1/4d4c52 22 47 0
1x3/1b2a34 23 47 0
1x1/6074a1 24 47 0
1x1/354e5a 25 47 0
1x1/616161 26 47 0
1x1/1b2a34 27 47 0
1x1/4d4c52 28 47 0
1x1/737271 29 47 0
1x1/9195ca 30 47 0
1x1/7396c8 32 47 0
1x2/467083 33 47 1
1x1/616161 35 47 0
1x1/354e5a 36 47 0
1x1/1b2a34 37 47 0
1x1/0a3463 38 47 0
1x1/354e5a 39 47 0
1x1/0a3463 40 47 0
1x4/354e5a 41 47 1
1x1/6c96bf 46 47 0
1x1/b4d2e3 47 47 0
1x1/c1dff0 48 47 0
1x2/b4d4f7 49 47 0
1x1/c1dff0 61 47 0
2x2/b4d4f7 62 47 0
1x2/7988a1 0 48 1
1x1/467083 4 48 0
1x2/7396c8 6 48 1
1x1/6c96bf 8 48 0
1x1/a5a5cb 9 48 0
1x1/6074a1 10 48 0
1x2/6e8aa6 11 48 0
1x1/6e8aa6 12 48 0
1x2/354e5a 13 48 1
1x1/7dbfdd 16 48 0
1x2/467083 17 48 0
1x1/467083 18 48 0
1x1/7dbfdd 19 48 0
1x1/6c96bf 20 48 0
1x2/5f7d8c 21 48 1
1x1/354e5a 24 48 0
1x2/3e3c39 25 48 1
1x2/57392c 27 48 1
1x1/3e3c39 29 48 0
1x1/4d4c52 30 48 0
1x1/7988a1 31 48 0
1x2/467083 32 48 0
1x2/595d60 33 48 0
1x1/595d60 34 48 0
1x2/467083 35 48 1
1x1/6074a1 37 48 0
1x1/6c96bf 38 48 0
1x1/9195ca 39 48 0
1x1/6c96bf 40 48 0
1x1/6e8aa6 41 48 0
1x1/9195ca 42 48 0
1x1/7396c8 43 48 0
1x1/9fc3e9 44 48 0
1x2/b4d4f7 45 48 0
1x1/c1dff0 46 48 0
1x2/b4d4f7 47 48 1
1x12/c1dff0 56 48 0
1x1/b4d4f7 58 48 0
2x2/b4d4f7 60 48 0
1x3/9195ca 0 49 0
1x1/9195ca 1 49 0
1x1/5f7d8c 2 49 0
1x1/467083 3 49 0
1x1/9195ca 4 49 0
1x1/7396c8 5 49 0
1x1/7dbfdd 6 49 0
1x2/7396c8 7 49 1
1x1/6074a1 9 49 0
1x1/354e5a 10 49 0
1x1/354e5a 12 49 0
1x1/0a3463 13 49 0
1x1/0a1327 14 49 0
1x2/1b2a34 15 49 0
1x1/467083 16 49 0
1x2/7396c8 18 49 1
1x1/6074a1 20 49 0
1x1/6e8aa6 21 49 0
1x1/7988a1 22 49 0
1x2/0a1327 24 49 0
1x1/05131d 25 49 0
1x2/3e3c39 26 49 1
1x1/1b2a34 28 49 0
1x1/4d4c52 29 49 0
1x2/595d60 30 49 1
1x1/467083 34 49 0
1x1/68aece 35 49 0
1x1/9fc3e9 36 49 0
1x3/7dbfdd 37 49 1
1x2/9fc3e9 40 49 1
1x3/b4d4f7 42 49 1
1x1/b4d4f7 46 49 0
2x8/c1dff0 47 49 0
1x10/c1dff0 49 49 0
2x3/c1dff0 57 49 1
1x12/c1dff0 62 49 0
1x2/b4d4f7 63 49 0
1x2/a5a5cb 1 50 0
1x1/6e8aa6 2 50 0
1x2/354e5a 3 50 0
1x2/6e8aa6 4 50 0
1x1/6c96bf 5 50 0
1x1/7396c8 6 50 0
1x1/9fc3e9 7 50 0
1x2/6e8aa6 8 50 1
1x1/0a3463 10 50 0
1x1/467083 11 50 0
1x2/6c96bf 12 50 1
1x1/5f7d8c 14 50 0
1x2/1b2a34 16 50 0
1x1/6074a1 17 50 0
1x1/6c96bf 18 50 0
1x1/6074a1 19 50 0
1x1/7988a1 20 50 0
1x1/5f7d8c 21 50 0
1x1/4d4c52 22 50 0
1x1/3e3c39 23 50 0
1x1/1b2a34 25 50 0
1x1/737271 26 50 0
1x1/7988a1 27 50 0
1x1/6074a1 28 50 0
1x1/a5a5cb 29 50 0
1x2/467083 30 50 0
1x1/354e5a 31 50 0
1x1/6e8aa6 32 50 0
1x1/7396c8 33 50 0
1x2/7dbfdd 34 50 1
1x2/6c96bf 36 50 0
1x1/6074a1 37 50 0
1x1/5b98b3 38 50 0
1x1/9fc3e9 39 50 0
1x1/b4d4f7 40 50 0
1x1/c1dff0 41 50 0
1x1/b4d4f7 42 50 0
4x12/c1dff0 43 50 0
1x12/c1dff0 60 50 0
1x1/c1dff0 61 50 0
1x1/467083 2 51 0
1x2/6074a1 5 51 0
1x1/6c96bf 6 51 0
1x1/a5a5cb 7 51 0
1x2/5f7d8c 8 51 0
1x2/467083 9 51 0
1x2/6e8aa6 10 51 1
1x1/5f7d8c 12 51 0
1x2/1b2a34 13 51 0
1x2/4d4c52 14 51 1
1x3/354e5a 17 51 1
1x2/5f7d8c 20 51 0
1x2/595d60 21 51 0
1x1/1b2a34 22 51 0
1x1/05131d 23 51 0
1x1/3e3c39 24 51 0
1x1/737271 25 51 0
1x1/4d4c52 26 51 0
1x1/467083 27 51 0
1x1/6e8aa6 28 51 0
1x1/354e5a 29 51 0
1x1/6c96bf 31 51 0
1x2/68aece 32 51 1
1x1/5b98b3 34 51 0
1x1/6074a1 35 51 0
1x1/9fc3e9 37 51 0
1x1/b4d4f7 38 51 0
2x6/c1dff0 39 51 0
1x1/b4d4f7 41 51 0
1x10/c1dff0 42 51 0
1x1/b4d4f7 55 51 0
1x1/c1dff0 57 51 0
1x1/b4d4f7 58 51 0
1x12/c1dff0 59 51 0
1x1/b4d4f7 61 51 0
1x12/c1dff0 63 51 0
2x2/9fc3e9 0 52 0
1x1/6c96bf 2 52 0
1x1/467083 3 52 0
1x1/6074a1 4 52 0
1x2/6e8aa6 6 52 0
1x1/7396c8 7 52 0
1x1/7396c8 10 52 0
1x1/467083 11 52 0
1x2/354e5a 12 52 0
1x1/616161 14 52 0
1x1/7988a1 15 52 0
1x1/3e3c39 16 52 0
1x1/1b2a34 17 52 0
1x1/3e3c39 18 52 0
1x1/354e5a 19 52 0
1x1/0a1327 22 52 0
1x1/595d60 23 52 0
1x2/7988a1 24 52 1
1x1/595d60 26 52 0
1x1/5f7d8c 27 52 0
1x1/6074a1 28 52 0
1x1/6e8aa6 29 52 0
1x1/9195ca 30 52 0
1x1/68aece 31 52 0
1x1/5b98b3 32 52 0
1x1/6074a1 33 52 0
1x1/6c96bf 34 52 0
1x1/9fc3e9 35 52 0
1x2/b4d4f7 36 52 1
1x12/c1dff0 38 52 0
1x10/c1dff0 41 52 0
1x12/c1dff0 55 52 0
1x2/b4d4f7 57 52 0
1x12/c1dff0 58 52 0
1x10/c1dff0 61 52 0
1x2/9fc3e9 2 53 1
1x1/a5a5cb 4 53 0
1x1/7396c8 5 53 0
1x3/9fc3e9 7 53 0
1x1/7396c8 8 53 0
1x2/6074a1 9 53 0
1x1/6e8aa6 10 53 0
1x1/354e5a 11 53 0
1x1/595d60 13 53 0
1x1/467083 14 53 0
1x3/354e5a 15 53 1
1x1/5f7d8c 18 53 0
1x1/a5a5cb 19 53 0
1x1/6074a1 20 53 0
1x1/467083 21 53 0
1x1/9195ca 22 53 0
1x1/6e8aa6 23 53 0
1x2/467083 24 53 0
1x1/354e5a 25 53 0
1x1/7396c8 26 53 0
1x3/7dbfdd 27 53 1
1x1/5b98b3 30 53 0
1x1/6074a1 31 53 0
1x1/7dbfdd 32 53 0
1x1/9fc3e9 33 53 0
2x2/c1dff0 34 53 0
1x1/b4d2e3 36 53 0
1x1/b4d4f7 37 53 0
1x2/6e8aa6 0 54 0
1x1/7396c8 1 54 0
1x1/6c96bf 2 54 0
1x1/9195ca 3 54 0
1x1/7396c8 4 54 0
1x2/9fc3e9 5 54 1
1x1/6c96bf 8 54 0
1x1/6074a1 10 54 0
1x2/6e8aa6 11 54 0
1x1/5f7d8c 12 54 0
1x1/9195ca 13 54 0
1x2/354e5a 14 54 1
1x1/6e8aa6 16 54 0
1x1/9195ca 17 54 0
1x1/7988a1 18 54 0
1x2/354e5a 19 54 1
1x1/6c96bf 21 54 0
1x1/6074a1 22 54 0
1x1/0d4763 23 54 0
1x1/5b98b3 25 54 0
1x2/7dbfdd 26 54 1
1x1/5b98b3 28 54 0
1x2/467083 29 54 1
1x1/5b98b3 31 54 0
1x1/6e8aa6 32 54 0
1x1/a5a5cb 33 54 0
1x2/c1dff0 36 54 1
1x10/c1dff0 57 54 0
1x1/9195ca 1 55 0
1x3/9fc3e9 2 55 1
1x1/9195ca 5 55 0
1x2/7396c8 6 55 0
1x1/a5a5cb 8 55 0
1x2/9195ca 9 55 0
1x1/6e8aa6 10 55 0
1x2/6e8aa6 12 55 1
1x1/7396c8 14 55 0
1x1/6c96bf 15 55 0
1x1/6074a1 16 55 0
1x1/0d4763 17 55 0
1x1/354e5a 18 55 0
1x1/595d60 19 55 0
1x3/467083 20 55 1
1x1/6e8aa6 23 55 0
1x2/7dbfdd 24 55 1
1x1/6c96bf 26 55 0
1x1/6074a1 27 55 0
1x1/467083 28 55 0
1x3/6074a1 29 55 1
1x1/9fc3e9 32 55 0
1x1/cfe2f7 33 55 0
1x2/b4d4f7 34 55 0
1x8/c1dff0 35 55 0
1x2/b4d4f7 36 55 1
1x1/9195ca 0 56 0
1x1/9fc3e9 1 56 0
1x2/7396c8 2 56 0
1x1/6c96bf 3 56 0
1x2/6074a1 4 56 1
1x1/7dbfdd 7 56 0
1x1/9fc3e9 8 56 0
1x1/354e5a 10 56 0
1x1/0a3463 11 56 0
1x1/0d4763 12 56 0
1x1/6e8aa6 13 56 0
1x1/467083 14 56 0
1x1/6074a1 15 56 0
1x1/6c96bf 16 56 0
1x1/7396c8 17 56 0
1x5/7dbfdd 18 56 1
1x1/6c96bf 23 56 0
1x2/6074a1 24 56 0
1x1/467083 25 56 0
1x2/0d4763 26 56 1
1x1/6074a1 28 56 0
1x1/9fc3e9 29 56 0
1x1/b4d2e3 30 56 0
2x8/c1dff0 31 56 0
1x8/c1dff0 33 56 0
2x8/c1dff0 36 56 0
1x1/a5a5cb 0 57 0
1x1/7396c8 1 57 0
1x2/6e8aa6 3 57 0
1x1/354e5a 4 57 0
1x1/5f7d8c 5 57 0
1x1/467083 6 57 0
1x1/6e8aa6 7 57 0
1x2/6074a1 8 57 0
1x2/5f7d8c 9 57 1
1x1/354e5a 11 57 0
1x1/5f7d8c 12 57 0
1x1/7396c8 13 57 0
1x2/7dbfdd 14 57 0
1x1/9fc3e9 15 57 0
1x3/7dbfdd 16 57 1
1x1/68aece 19 57 0
1x1/7396c8 20 57 0
1x1/6c96bf 21 57 0
1x2/5b98b3 22 57 1
1x1/5b98b3 25 57 0
1x1/7396c8 26 57 0
1x1/7dbfdd 27 57 0
1x1/9fc3e9 28 57 0
2x6/c1dff0 29 57 0
1x6/c1dff0 34 57 0
1x2/b4d4f7 39 57 0
1x6/c1dff0 40 57 0
1x2/c1dff0 47 57 0
1x1/c1dff0 48 57 0
1x1/467083 0 58 0
1x1/5f7d8c 1 58 0
1x1/a5a5cb 2 58 0
1x2/467083 4 58 0
1x1/467083 5 58 0
1x1/6c96bf 6 58 0
1x1/7dbfdd 7 58 0
1x1/6c96bf 9 58 0
2x2/7dbfdd 10 58 0
1x2/7dbfdd 12 58 1
1x2/68aece 15 58 1
1x1/6c96bf 17 58 0
1x1/3e95b6 18 58 0
1x4/6074a1 19 58 1
1x1/467083 23 58 0
1x1/6c96bf 24 58 0
1x1/9fc3e9 25 58 0
1x2/b4d4f7 26 58 1
1x6/c1dff0 28 58 0
1x3/b4d4f7 48 58 0
1x6/c1dff0 52 58 0
1x1/5f7d8c 0 59 0
1x1/6074a1 1 59 0
1x1/5f7d8c 2 59 0
1x1/467083 3 59 0
1x1/9fc3e9 5 59 0
1x2/7396c8 6 59 1
1x2/9fc3e9 8 59 1
1x2/6c96bf 12 59 1
1x3/3e95b6 14 59 1
1x2/5b98b3 17 59 1
1x1/6c96bf 19 59 0
1x1/5b98b3 20 59 0
1x1/7dbfdd 21 59 0
1x1/9fc3e9 22 59 0
2x2/b4d4f7 23 59 0
1x1/b4d4f7 25 59 0
2x4/c1dff0 26 59 0
1x5/c1dff0 39 59 0
1x1/b4d4f7 47 59 0
1x1/c1dff0 49 59 0
1x1/7396c8 0 60 0
1x1/6e8aa6 1 60 0
1x1/6c96bf 2 60 0
1x1/6e8aa6 3 60 0
1x2/7396c8 4 60 0
1x2/6c96bf 5 60 0
1x1/467083 6 60 0
1x1/5b98b3 7 60 0
1x3/7dbfdd 8 60 1
1x1/4354a3 11 60 0
1x2/6074a1 12 60 1
1x2/5b98b3 14 60 1
1x1/7396c8 16 60 0
1x1/9fc3e9 17 60 0
1x1/7dbfdd 18 60 0
1x1/9fc3e9 19 60 0
1x3/b4d4f7 20 60 1
1x4/c1dff0 25 60 0
1x2/c1dff0 47 60 0
2x2/b4d4f7 49 60 0
1x2/c1dff0 51 60 0
1x4/c1dff0 56 60 0
1x3/7dbfdd 0 61 1
1x1/7396c8 3 61 0
1x1/9195ca 6 61 0
1x1/7dbfdd 7 61 0
1x1/7396c8 8 61 0
1x1/5b98b3 9 61 0
1x1/7dbfdd 10 61 0
1x1/5b98b3 11 61 0
1x1/7396c8 12 61 0
1x1/9fc3e9 13 61 0
1x1/9195ca 14 61 0
1x1/6c96bf 15 61 0
1x1/9fc3e9 16 61 0
1x4/b4d4f7 17 61 1
3x3/c1dff0 21 61 0
1x3/c1dff0 24 61 0
1x1/c1dff0 42 61 0
1x1/c1dff0 48 61 0
2x3/c1dff0 53 61 0
1x1/c1dff0 62 61 0
1x1/7dbfdd 0 62 0
1x1/9fc3e9 1 62 0
2x3/b4d4f7 2 62 1
1x1/c1dff0 5 62 0
2x2/b4d4f7 6 62 0
1x2/c1dff0 8 62 1
1x1/b4d2e3 10 62 0
1x2/b4d4f7 11 62 0
1x1/b4d4f7 12 62 0
2x2/c1dff0 13 62 0
1x1/cfe2f7 15 62 0
2x4/c1dff0 16 62 1
1x2/c1dff0 20 62 0
1x1/c1dff0 41 62 0
1x2/b4d4f7 42 62 0
2x3/c1dff0 43 62 1
1x4/b4d4f7 46 62 1
1x2/c1dff0 50 62 0
1x1/b4d4f7 51 62 0
1x2/c1dff0 60 62 0
1x2/b4d4f7 61 62 1
1x2/b4d4f7 0 63 1
1x1/b4d4f7 5 63 0
1x3/b4d4f7 8 63 1
1x1/c1dff0 12 63 0
1x1/c1dff0 15 63 0
1x2/c1dff0 26 63 1
1x2/c1dff0 29 63 1
1x2/c1dff0 34 63 1
1x2/b4d4f7 40 63 1
1x4/c1dff0 46 63 1
1x1/c1dff0 51 63 0
1x1/c1dff0 59 63 0
1x3/c1dff0 61 63 1
