989 36.96 2206162 31
4x4/1591cb 0 0 0
6x6/1591cb 4 0 0
8x11/3592c3 10 0 0
2x16/3592c3 18 0 0
2x2/078bc9 20 0 0
3x3/078bc9 22 0 0
8x16/3592c3 25 0 0
8x8/1591cb 33 0 0
6x8/1591cb 41 0 0
6x6/1591cb 47 0 0
4x6/3592c3 53 0 0
2x16/3592c3 57 0 0
1x1/a5a5cb 59 0 0
1x1/9fc3e9 60 0 0
1x1/afb5c7 61 0 0
1x1/9fc3e9 62 0 0
1x1/a5a5cb 63 0 0
4x12/3592c3 59 1 0
1x12/3e95b6 63 1 0
1x12/3e95b6 20 2 0
1x2/3e95b6 21 2 0
1x6/68aece 22 3 0
2x2/3592c3 23 3 0
1x1/0059a3 0 4 0
1x1/0059a3 1 4 0
1x1/10929d 2 4 0
1x1/3592c3 3 4 0
1x4/68aece 21 4 0
2x3/0a3463 0 5 0
1x1/0059a3 2 5 0
1x1/0059a3 3 5 0
2x4/68aece 23 5 0
1x4/0a3463 2 6 0
1x1/0d4763 3 6 0
1x1/0059a3 4 6 0
1x1/3592c3 5 6 0
3x3/3592c3 6 6 0
1x6/3592c3 9 6 0
1x8/68aece 47 6 0
1x1/68aece 48 6 0
1x1/68aece 49 6 0
1x1/68aece 50 6 0
1x1/68aece 51 6 0
1x1/68aece 52 6 0
1x5/68aece 53 6 0
2x6/3e95b6 54 6 0
1x12/3e95b6 56 6 0
1x2/0a3463 3 7 0
1x2/0d4763 4 7 0
1x1/0059a3 5 7 0
3x3/9fc3e9 48 7 0
2x2/9fc3e9 51 7 0
2x16/0a1327 0 8 0
1x1/0059a3 5 8 0
1x10/3592c3 21 8 0
4x6/3592c3 33 8 0
3x3/3592c3 37 8 0
1x1/3592c3 40 8 0
2x2/68aece 41 8 0
4x4/3592c3 43 8 0
2x16/0a1327 3 9 0
1x3/0a3463 5 9 0
1x1/0059a3 6 9 0
1x1/10929d 7 9 0
1x1/3592c3 8 9 0
2x8/3592c3 22 9 0
1x8/3592c3 24 9 0
1x1/68aece 40 9 0
1x1/7dbfdd 51 9 0
1x2/68aece 52 9 0
1x12/0a1327 2 10 0
1x2/0a3463 6 10 0
1x1/0059a3 7 10 0
1x1/10929d 8 10 0
2x6/b4d2e3 40 10 0
1x12/7dbfdd 42 10 0
2x6/68aece 48 10 0
2x2/68aece 50 10 0
1x2/0a3463 7 11 0
1x1/0059a3 8 11 0
1x1/3e95b6 10 11 0
1x1/3e95b6 11 11 0
1x1/3592c3 12 11 0
2x2/3e95b6 13 11 0
3x3/3592c3 15 11 0
1x2/68aece 37 11 0
1x1/68aece 38 11 0
1x6/b4d2e3 39 11 0
2x2/3592c3 52 11 0
2x16/0a1327 5 12 0
1x2/0a3463 8 12 0
1x1/0d4763 9 12 0
1x1/0d4763 10 12 0
1x1/27867e 11 12 0
1x1/27867e 12 12 0
1x6/b4d2e3 38 12 0
1x12/68aece 43 12 0
1x1/3592c3 44 12 0
1x1/3592c3 45 12 0
1x1/3e95b6 46 12 0
2x2/3e95b6 50 12 0
1x1/3e95b6 54 12 0
1x6/68aece 55 12 0
1x1/0a3463 7 13 0
1x1/0a3463 9 13 0
2x2/0a3463 10 13 0
1x2/0d4763 12 13 0
1x1/0d4763 13 13 0
1x1/27867e 14 13 0
1x6/b4d2e3 37 13 0
1x2/68aece 44 13 0
1x1/68aece 45 13 0
1x1/68aece 46 13 0
1x6/68aece 52 13 0
2x2/7dbfdd 53 13 0
3x3/3592c3 59 13 0
1x3/3e95b6 62 13 0
1x1/3e95b6 63 13 0
2x16/0a1327 7 14 0
1x1/0a3463 9 14 0
2x3/0a3463 13 14 0
1x4/0d4763 15 14 0
1x1/27867e 16 14 0
1x1/3e95b6 17 14 0
1x4/3e95b6 20 14 0
2x6/68aece 33 14 0
1x6/68aece 35 14 0
1x2/7dbfdd 36 14 0
3x3/9fc3e9 45 14 0
2x2/68aece 50 14 0
1x1/467083 63 14 0
1x1/0a3463 9 15 0
1x1/0a3463 10 15 0
1x1/0a3463 11 15 0
1x1/0a3463 12 15 0
1x5/0a3463 16 15 0
1x1/27867e 17 15 0
1x3/9fc3e9 44 15 0
1x1/9fc3e9 53 15 0
1x1/9fc3e9 54 15 0
1x2/467083 63 15 0
2x14/0a1327 9 16 0
1x1/0a3463 11 16 0
1x1/0a3463 12 16 0
1x5/0a3463 17 16 0
1x1/27867e 18 16 0
1x1/3e95b6 19 16 0
2x2/5b98b3 25 16 0
1x1/3592c3 27 16 0
1x1/3592c3 28 16 0
1x1/36aebf 29 16 0
1x1/3592c3 30 16 0
1x1/68aece 31 16 0
1x1/3e95b6 32 16 0
1x3/9fc3e9 36 16 0
2x4/7dbfdd 40 16 0
1x3/7dbfdd 48 16 0
2x3/a5a5cb 49 16 0
1x4/68aece 51 16 0
2x4/6c96bf 53 16 0
2x2/3e95b6 57 16 0
1x1/3e95b6 59 16 0
1x1/3e95b6 60 16 0
1x1/467083 61 16 0
1x1/467083 62 16 0
1x1/1b2a34 11 17 0
1x1/1b2a34 12 17 0
1x1/1b2a34 13 17 0
1x1/0a3463 14 17 0
1x4/0d4763 18 17 0
1x1/467083 19 17 0
1x1/3e95b6 22 17 0
1x1/5a93db 23 17 0
1x1/68aece 24 17 0
1x1/d9d9d9 27 17 0
1x1/e4adc8 28 17 0
1x1/afb5c7 29 17 0
1x1/fecccf 30 17 0
1x1/fecccf 31 17 0
1x1/bd7d85 32 17 0
1x1/afb5c7 39 17 0
1x1/9fc3e9 45 17 0
1x2/a5a5cb 46 17 0
1x2/7dbfdd 47 17 0
1x1/467083 59 17 0
1x1/467083 60 17 0
2x4/0d4763 61 17 0
1x1/467083 63 17 0
1x10/0a1327 11 18 0
1x1/1b2a34 12 18 0
1x1/1b2a34 13 18 0
1x1/1b2a34 14 18 0
1x1/0a3463 15 18 0
1x2/0d4763 19 18 0
1x1/467083 20 18 0
1x1/5b98b3 21 18 0
1x2/d4d5c9 22 18 0
2x2/dec69c 23 18 0
1x1/e4cd9e 25 18 0
1x1/dec69c 26 18 0
1x1/dec69c 27 18 0
1x1/dec69c 28 18 0
1x1/cdc298 29 18 0
1x1/cdc298 30 18 0
1x1/ae7a59 31 18 0
1x1/872b17 32 18 0
1x1/afb5c7 38 18 0
1x3/68aece 39 18 0
2x6/68aece 44 18 0
1x1/5b98b3 55 18 0
2x8/467083 56 18 0
1x2/467083 58 18 0
1x1/354e5a 59 18 0
1x3/0d4763 60 18 0
1x10/354e5a 63 18 0
1x1/1b2a34 12 19 0
1x5/1b2a34 13 19 0
1x1/1b2a34 14 19 0
1x1/1b2a34 15 19 0
1x1/adc3c0 20 19 0
1x2/d4d5c9 21 19 0
1x1/cca373 25 19 0
1x1/cca373 26 19 0
1x1/bd7d85 27 19 0
1x1/ad6140 28 19 0
1x1/965336 29 19 0
1x1/872b17 30 19 0
1x1/582a12 31 19 0
1x1/330000 32 19 0
1x1/68aece 36 19 0
1x1/68aece 37 19 0
1x1/7dbfdd 38 19 0
4x4/68aece 46 19 0
1x3/6c96bf 50 19 0
1x2/5b98b3 52 19 0
1x8/467083 55 19 0
1x2/0d4763 59 19 0
1x6/1b2a34 12 20 0
1x1/1b2a34 14 20 0
1x1/1b2a34 15 20 0
1x1/1b2a34 16 20 0
2x2/d4d5c9 19 20 0
1x1/dec69c 22 20 0
1x1/bd7d85 23 20 0
1x1/945148 24 20 0
1x1/7c503a 25 20 0
1x1/583927 26 20 0
1x1/582a12 27 20 0
1x1/330000 28 20 0
2x2/05131d 29 20 0
2x2/0a1327 31 20 0
2x2/05131d 33 20 0
3x3/05131d 35 20 0
1x1/467083 38 20 0
1x1/68aece 40 20 0
1x2/68aece 41 20 0
1x2/5b98b3 51 20 0
2x8/467083 53 20 0
1x1/354e5a 58 20 0
1x1/1b2a34 14 21 0
1x1/1b2a34 15 21 0
1x1/0a1327 16 21 0
1x1/737271 17 21 0
1x2/e6e3da 18 21 0
1x1/cdc298 21 21 0
1x1/bd7d85 22 21 0
1x1/7c503a 23 21 0
1x1/352100 24 21 0
1x1/330000 25 21 0
1x1/330000 26 21 0
2x2/05131d 27 21 0
2x3/05131d 38 21 0
1x1/5f7d8c 40 21 0
1x3/467083 52 21 0
4x4/467083 58 21 0
1x3/467083 62 21 0
1x8/05131d 2 22 0
1x1/0a1327 14 22 0
1x1/5f7d8c 15 22 0
2x2/d4d5c9 16 22 0
1x1/e4cd9e 19 22 0
1x1/cdc298 20 22 0
1x1/ae7a59 21 22 0
1x1/764d3b 22 22 0
1x1/582a12 23 22 0
1x1/330000 24 22 0
1x1/05131d 25 22 0
1x1/05131d 26 22 0
1x1/57392c 29 22 0
1x1/05131d 30 22 0
1x1/4d4c52 31 22 0
1x1/3e3c39 32 22 0
1x2/4d4c52 33 22 0
1x1/3e3c39 34 22 0
1x3/05131d 40 22 0
1x2/1b2a34 41 22 0
1x1/7dbfdd 42 22 0
2x2/467083 50 22 0
2x2/d4d5c9 14 23 0
1x1/dec69c 18 23 0
1x1/cca373 19 23 0
1x1/915c3c 20 23 0
1x1/5e3f33 21 23 0
1x1/352100 22 23 0
1x1/05131d 23 23 0
1x1/05131d 24 23 0
1x1/05131d 25 23 0
1x1/05131d 26 23 0
1x1/0a1327 27 23 0
1x1/3e3c39 28 23 0
1x2/737271 29 23 0
2x2/898788 30 23 0
1x2/737271 32 23 0
1x1/4d4c52 34 23 0
3x3/354e5a 35 23 0
1x3/1b2a34 42 23 0
1x1/5b98b3 46 23 0
1x1/5b98b3 47 23 0
1x1/6074a1 48 23 0
1x1/467083 49 23 0
2x6/05131d 0 24 0
1x10/dec69c 13 24 0
1x1/dec69c 16 24 0
1x1/dec69c 17 24 0
1x1/cca373 18 24 0
1x1/915c3c 19 24 0
1x2/583927 20 24 0
1x1/352100 21 24 0
1x1/05131d 22 24 0
1x1/05131d 23 24 0
1x1/05131d 24 24 0
1x1/05131d 25 24 0
1x3/5f7d8c 26 24 0
1x4/898788 27 24 0
1x2/9c9c9c 28 24 0
1x1/5f7d8c 33 24 0
1x1/5f7d8c 34 24 0
2x2/3e3c39 38 24 0
1x1/354e5a 41 24 0
1x6/05131d 43 24 0
1x1/5b98b3 44 24 0
1x1/5b98b3 45 24 0
1x1/467083 46 24 0
1x1/467083 47 24 0
4x8/0d4763 48 24 0
1x1/354e5a 52 24 0
1x12/0d4763 62 24 0
2x6/05131d 3 25 0
1x3/e4cd9e 14 25 0
1x1/dec69c 15 25 0
1x2/cca373 16 25 0
1x1/cca373 17 25 0
1x1/907450 18 25 0
1x2/583927 19 25 0
1x1/05131d 21 25 0
1x1/05131d 22 25 0
1x1/05131d 23 25 0
1x1/05131d 24 25 0
1x2/3e3c39 25 25 0
1x2/9ca3a8 29 25 0
1x1/9ca3a8 30 25 0
1x1/595d60 31 25 0
1x1/3e3c39 32 25 0
1x2/05131d 33 25 0
1x1/1b2a34 34 25 0
1x1/3e3c39 40 25 0
1x1/05131d 41 25 0
1x1/354e5a 44 25 0
1x1/467083 45 25 0
1x1/467083 46 25 0
1x8/0d4763 47 25 0
1x1/467083 52 25 0
1x2/467083 58 25 0
2x16/0d4763 59 25 0
1x12/0d4763 61 25 0
1x1/958a73 12 26 0
1x3/cca373 15 26 0
1x1/ae7a59 17 26 0
1x6/57392c 18 26 0
2x2/330000 20 26 0
1x1/330000 22 26 0
1x1/05131d 23 26 0
1x2/05131d 24 26 0
1x1/f4f4f4 28 26 0
1x1/05131d 30 26 0
2x2/05131d 31 26 0
1x2/05131d 34 26 0
1x1/05131d 35 26 0
1x2/05131d 36 26 0
1x1/3e3c39 37 26 0
2x3/1b2a34 38 26 0
1x1/898788 40 26 0
1x10/3e3c39 41 26 0
1x1/05131d 42 26 0
1x12/05131d 44 26 0
1x1/0d4763 45 26 0
1x5/0d4763 46 26 0
1x1/467083 52 26 0
2x8/0d4763 56 26 0
1x12/dec69c 12 27 0
1x1/bd7d85 16 27 0
1x1/7c503a 17 27 0
1x1/352100 19 27 0
1x1/05131d 22 27 0
1x3/05131d 23 27 0
1x1/898788 25 27 0
1x1/4d4c52 26 27 0
1x1/616161 28 27 0
2x2/05131d 29 27 0
1x1/1b2a34 33 27 0
1x1/05131d 35 27 0
1x2/05131d 37 27 0
1x4/3e3c39 40 27 0
1x8/3e3c39 42 27 0
1x10/05131d 45 27 0
1x6/0d4763 52 27 0
1x8/0d4763 55 27 0
1x12/0d4763 58 27 0
2x4/1b2a34 5 28 0
1x1/616161 11 28 0
1x5/cca373 14 28 0
1x2/907450 16 28 0
1x5/583927 17 28 0
1x1/352100 19 28 0
1x1/330000 20 28 0
1x8/05131d 21 28 0
1x1/05131d 22 28 0
2x8/5e5e5e 24 28 0
1x1/898788 26 28 0
1x1/737271 27 28 0
1x10/05131d 28 28 0
1x1/354e5a 31 28 0
1x1/36aebf 32 28 0
1x1/5ac4da 33 28 0
1x1/cfe2f7 34 28 0
1x3/7dbfdd 35 28 0
1x1/467083 36 28 0
2x6/0d4763 53 28 0
1x12/0d4763 63 28 0
1x10/f6d7b3 11 29 0
1x4/ae7a59 15 29 0
1x5/05131d 19 29 0
1x1/05131d 20 29 0
1x1/05131d 22 29 0
1x1/737271 26 29 0
1x6/05131d 27 29 0
1x1/05131d 29 29 0
1x1/5b98b3 30 29 0
1x1/7dbfdd 31 29 0
1x1/5ac4da 32 29 0
2x2/9fc3e9 33 29 0
1x1/9fc3e9 36 29 0
1x6/467083 37 29 0
2x3/05131d 38 29 0
1x1/1b2a34 0 30 0
1x1/1b2a34 1 30 0
1x1/1b2a34 2 30 0
2x4/1b2a34 7 30 0
1x2/3e3c39 9 30 0
1x1/958a73 10 30 0
1x3/5e3f33 16 30 0
1x1/05131d 20 30 0
1x1/05131d 22 30 0
1x5/1b2a34 23 30 0
1x1/9c9c9c 26 30 0
1x2/1b2a34 29 30 0
1x2/0d4763 30 30 0
1x1/467083 31 30 0
1x1/cfe2f7 32 30 0
1x1/68aece 36 30 0
1x4/3e3c39 43 30 0
3x3/354e5a 0 31 0
2x3/3e3c39 3 31 0
1x10/f6d7b3 10 31 0
1x1/05131d 20 31 0
1x3/05131d 22 31 0
1x1/3e3c39 26 31 0
2x2/0d4763 31 31 0
1x1/5b98b3 33 31 0
2x2/467083 34 31 0
1x3/467083 36 31 0
1x3/0a1327 40 31 0
1x2/184632 46 31 0
2x2/3e3c39 5 32 0
1x1/958a73 9 32 0
1x1/352100 18 32 0
1x12/0d4763 20 32 0
1x2/0a1327 26 32 0
1x1/354e5a 29 32 0
1x1/1b2a34 30 32 0
1x1/0d4763 33 32 0
1x1/354e5a 38 32 0
1x3/05131d 39 32 0
2x10/467083 48 32 0
1x1/354e5a 50 32 0
1x1/0d4763 51 32 0
1x10/f6d7b3 9 33 0
1x4/bd7d85 14 33 0
1x6/755945 15 33 0
1x1/582a12 16 33 0
1x1/582a12 17 33 0
1x6/0a1327 18 33 0
1x1/0d4763 29 33 0
1x1/27867e 30 33 0
1x1/3e95b6 31 33 0
1x1/3e95b6 32 33 0
1x1/3e95b6 33 33 0
2x2/5b98b3 34 33 0
1x1/1b2a34 38 33 0
1x2/354e5a 46 33 0
1x10/467083 47 33 0
2x8/467083 50 33 0
1x1/354e5a 52 33 0
4x12/0a1327 0 34 0
1x10/0a1327 4 34 0
1x1/1b2a34 5 34 0
1x1/1b2a34 6 34 0
1x1/0a3463 7 34 0
1x1/898788 8 34 0
1x1/cdc298 13 34 0
1x1/582a12 16 34 0
1x1/352100 17 34 0
1x10/0d4763 19 34 0
1x1/05131d 22 34 0
1x1/737271 26 34 0
1x1/0a3463 29 34 0
1x1/0d4763 30 34 0
1x1/27867e 31 34 0
1x1/467083 32 34 0
1x1/467083 33 34 0
1x1/5b98b3 36 34 0
1x1/05131d 38 34 0
1x3/595d60 40 34 0
1x6/05131d 43 34 0
1x6/467083 52 34 0
1x1/467083 53 34 0
1x1/467083 54 34 0
2x16/0d4763 56 34 0
1x1/1b2a34 5 35 0
1x1/0a3463 6 35 0
1x1/1b2a34 7 35 0
1x8/f6d7b3 8 35 0
1x1/cca373 13 35 0
1x1/3e3c39 16 35 0
1x1/352100 17 35 0
1x1/05131d 22 35 0
1x1/05131d 23 35 0
1x1/898788 26 35 0
1x1/05131d 27 35 0
1x3/05131d 29 35 0
1x1/0d4763 30 35 0
1x1/0d4763 31 35 0
1x1/27867e 32 35 0
1x1/27867e 33 35 0
2x2/467083 34 35 0
1x1/0d4763 36 35 0
1x1/354e5a 37 35 0
1x4/4d4c52 38 35 0
1x1/0a1327 39 35 0
1x3/1b2a34 42 35 0
1x8/467083 46 35 0
1x1/467083 53 35 0
1x1/467083 54 35 0
1x1/467083 55 35 0
1x1/1b2a34 5 36 0
1x1/1b2a34 6 36 0
1x1/9c9c9c 7 36 0
1x1/cdc298 13 36 0
1x2/3e3c39 16 36 0
1x1/352100 17 36 0
1x10/0d4763 21 36 0
1x2/05131d 22 36 0
1x1/05131d 23 36 0
1x1/3e3c39 24 36 0
3x3/3e3c39 25 36 0
1x3/05131d 30 36 0
1x1/0d4763 31 36 0
1x1/27867e 32 36 0
1x1/0d4763 33 36 0
1x1/6c6e68 36 36 0
1x1/1b2a34 37 36 0
1x1/3e3c39 39 36 0
1x8/05131d 41 36 0
1x1/467083 53 36 0
1x1/467083 54 36 0
1x1/467083 55 36 0
1x12/0d4763 62 36 0
1x1/1b2a34 5 37 0
1x1/1b2a34 6 37 0
1x12/e4cd9e 7 37 0
1x2/b4a774 13 37 0
1x6/907450 14 37 0
1x1/1b2a34 17 37 0
2x3/05131d 23 37 0
2x8/05131d 31 37 0
1x1/354e5a 33 37 0
1x1/4d4c52 34 37 0
1x1/05131d 35 37 0
1x2/0a1327 36 37 0
1x2/575857 37 37 0
1x1/6c6e68 39 37 0
1x3/1b2a34 40 37 0
1x1/1b2a34 45 37 0
1x2/467083 53 37 0
2x16/0d4763 54 37 0
1x12/0d4763 61 37 0
1x1/0a1327 5 38 0
1x12/e4cd9e 6 38 0
1x1/3e3c39 16 38 0
1x1/1b2a34 17 38 0
1x10/0d4763 22 38 0
2x2/3e3c39 28 38 0
2x8/05131d 33 38 0
1x1/1b2a34 35 38 0
1x3/1b2a34 39 38 0
1x4/05131d 42 38 0
1x1/05131d 44 38 0
1x5/467083 45 38 0
1x1/354e5a 5 39 0
1x3/cdc298 11 39 0
1x6/bd7d85 12 39 0
1x6/ae7a59 13 39 0
1x8/57392c 15 39 0
1x1/352100 16 39 0
1x1/1b2a34 17 39 0
1x1/0a1327 18 39 0
1x1/05131d 25 39 0
1x1/1b2a34 26 39 0
1x2/1b2a34 27 39 0
1x1/354e5a 30 39 0
1x1/5f7d8c 35 39 0
1x1/4d4c52 36 39 0
2x2/1b2a34 37 39 0
1x1/354e5a 44 39 0
1x12/0d4763 53 39 0
1x12/0d4763 58 39 0
1x1/958a73 5 40 0
1x1/352100 16 40 0
1x1/1b2a34 17 40 0
1x1/0a1327 18 40 0
1x8/0d4763 23 40 0
1x1/05131d 24 40 0
1x1/05131d 25 40 0
1x3/05131d 26 40 0
1x1/3e3c39 28 40 0
2x2/1b2a34 29 40 0
1x1/05131d 35 40 0
1x1/1b2a34 36 40 0
1x5/05131d 40 40 0
1x1/1b2a34 43 40 0
1x4/467083 44 40 0
1x12/0d4763 52 40 0
1x12/0d4763 63 40 0
1x12/dec69c 5 41 0
1x2/dec69c 10 41 0
1x1/352100 16 41 0
1x1/1b2a34 17 41 0
1x1/352100 18 41 0
1x8/0d4763 24 41 0
1x1/05131d 25 41 0
2x2/05131d 27 41 0
1x2/1b2a34 35 41 0
1x1/3e3c39 36 41 0
1x1/1b2a34 37 41 0
2x4/05131d 38 41 0
1x3/467083 43 41 0
2x14/0d4763 50 41 0
2x16/0d4763 59 41 0
1x6/cca373 11 42 0
1x1/352100 16 42 0
1x1/1b2a34 17 42 0
1x1/352100 18 42 0
1x6/0d4763 25 42 0
1x1/05131d 29 42 0
1x5/05131d 30 42 0
2x4/05131d 36 42 0
1x1/467083 42 42 0
2x10/0d4763 48 42 0
2x8/dec69c 8 43 0
1x10/cca373 10 43 0
1x10/5e3f33 14 43 0
1x1/1b2a34 16 43 0
1x1/352100 17 43 0
1x1/352100 18 43 0
2x4/0d4763 26 43 0
1x1/05131d 28 43 0
1x1/05131d 29 43 0
1x3/05131d 35 43 0
1x1/1b2a34 42 43 0
2x4/0d4763 45 43 0
1x8/0d4763 47 43 0
1x3/575857 4 44 0
1x2/1b2a34 16 44 0
1x1/0a1327 17 44 0
1x1/05131d 18 44 0
1x1/0a3463 19 44 0
1x2/0d4763 20 44 0
2x2/0d4763 28 44 0
1x1/05131d 41 44 0
1x1/0a1327 42 44 0
1x1/1b2a34 43 44 0
1x12/354e5a 44 44 0
1x1/b4a774 12 45 0
1x10/764d3b 13 45 0
1x5/1b2a34 17 45 0
1x1/0a1327 18 45 0
1x1/352100 19 45 0
1x1/05131d 31 45 0
1x1/05131d 32 45 0
2x3/352100 38 45 0
2x2/352100 40 45 0
2x2/352100 42 45 0
2x12/1b2a34 0 46 0
1x10/1b2a34 2 46 0
1x5/1b2a34 3 46 0
1x8/907450 12 46 0
1x1/1b2a34 16 46 0
1x6/1b2a34 18 46 0
2x2/0a1327 19 46 0
1x1/0d4763 21 46 0
1x1/0d4763 28 46 0
1x1/05131d 29 46 0
1x1/352100 31 46 0
1x1/352100 32 46 0
4x4/352100 33 46 0
1x3/352100 37 46 0
1x1/958a73 4 47 0
1x1/352100 15 47 0
1x1/1b2a34 16 47 0
1x2/05131d 21 47 0
1x2/0d4763 26 47 0
1x1/0d4763 27 47 0
1x1/0a1327 28 47 0
1x1/1b2a34 29 47 0
1x1/582a12 30 47 0
1x1/abadac 31 47 0
1x1/b4a774 32 47 0
4x12/354e5a 40 47 0
2x14/354e5a 45 47 0
1x12/dcbc81 4 48 0
1x6/ae7a59 11 48 0
1x1/352100 15 48 0
1x1/1b2a34 16 48 0
2x4/1b2a34 19 48 0
1x1/05131d 22 48 0
1x8/1b2a34 23 48 0
1x1/0d4763 25 48 0
2x2/1b2a34 27 48 0
1x5/3e3c39 29 48 0
1x1/764d3b 30 48 0
1x1/cdc298 31 48 0
1x1/bd7d85 32 48 0
1x1/1b2a34 38 48 0
1x10/354e5a 39 48 0
1x8/0d4763 62 48 0
1x10/dec69c 7 49 0
1x1/352100 15 49 0
1x1/1b2a34 16 49 0
2x8/1b2a34 21 49 0
1x1/05131d 24 49 0
1x1/05131d 25 49 0
1x5/3e3c39 26 49 0
1x2/958a73 30 49 0
1x1/bd7d85 31 49 0
1x1/7c503a 32 49 0
1x1/3e3c39 37 49 0
1x1/0d4763 38 49 0
1x8/0d4763 61 49 0
1x12/dcbc81 6 50 0
1x1/352100 15 50 0
1x1/1b2a34 16 50 0
1x1/1b2a34 17 50 0
1x6/1b2a34 24 50 0
1x4/3e3c39 25 50 0
2x3/3e3c39 27 50 0
1x1/915c3c 31 50 0
1x1/583927 32 50 0
2x2/352100 33 50 0
1x1/352100 35 50 0
1x1/3e3c39 36 50 0
2x6/467083 37 50 0
2x6/0d4763 56 50 0
1x1/4d4c52 3 51 0
1x12/cca373 8 51 0
1x4/cca373 9 51 0
1x2/57392c 15 51 0
1x1/3e3c39 16 51 0
1x1/1b2a34 17 51 0
1x1/755945 30 51 0
1x1/583927 31 51 0
1x2/352100 32 51 0
2x4/467083 35 51 0
1x12/354e5a 47 51 0
1x12/354e5a 53 51 0
1x12/354e5a 58 51 0
1x2/958a73 3 52 0
1x1/1b2a34 16 52 0
1x1/1b2a34 17 52 0
1x1/1b2a34 18 52 0
1x1/1b2a34 19 52 0
1x1/1b2a34 20 52 0
1x1/57392c 30 52 0
1x1/352100 31 52 0
1x1/352100 33 52 0
1x12/575857 34 52 0
2x12/354e5a 48 52 0
1x12/354e5a 52 52 0
1x12/354e5a 63 52 0
1x10/dcbc81 5 53 0
1x8/907450 10 53 0
1x1/582a12 14 53 0
1x6/352100 15 53 0
1x1/352100 16 53 0
1x1/352100 17 53 0
1x1/0a1327 18 53 0
1x1/1b2a34 19 53 0
1x1/0a1327 20 53 0
1x1/6b5a5a 27 53 0
1x1/755945 28 53 0
1x1/352100 29 53 0
1x1/352100 30 53 0
1x1/352100 31 53 0
1x1/352100 32 53 0
1x10/595d60 33 53 0
2x10/354e5a 54 53 0
1x10/dcbc81 3 54 0
2x6/7c503a 11 54 0
1x1/582a12 14 54 0
1x1/352100 16 54 0
1x1/352100 17 54 0
1x1/0a1327 18 54 0
1x1/0a1327 19 54 0
1x1/0a1327 20 54 0
1x1/1b2a34 25 54 0
1x1/1b2a34 26 54 0
1x1/57392c 27 54 0
1x1/352100 28 54 0
1x1/352100 29 54 0
1x1/352100 30 54 0
1x1/3e3c39 31 54 0
1x10/575857 32 54 0
1x8/ae7a59 9 55 0
2x4/583927 13 55 0
1x1/352100 16 55 0
1x1/352100 17 55 0
1x1/05131d 18 55 0
1x1/0a1327 19 55 0
1x1/0a1327 20 55 0
1x1/1b2a34 25 55 0
1x1/352100 26 55 0
1x1/352100 27 55 0
1x1/1b2a34 28 55 0
1x1/352100 29 55 0
1x1/1b2a34 30 55 0
1x6/354e5a 31 55 0
2x8/575857 35 55 0
2x8/354e5a 50 55 0
1x1/645a4c 2 56 0
1x1/352100 16 56 0
1x1/352100 17 56 0
1x1/05131d 18 56 0
1x1/0a1327 19 56 0
1x1/0a1327 20 56 0
1x1/1b2a34 23 56 0
1x1/1b2a34 24 56 0
1x1/352100 25 56 0
1x1/0a1327 26 56 0
1x1/0a1327 27 56 0
1x1/0a1327 28 56 0
1x1/1b2a34 29 56 0
1x8/354e5a 30 56 0
2x8/575857 37 56 0
1x8/575857 44 56 0
2x8/575857 56 56 0
1x8/354e5a 62 56 0
1x1/907450 2 57 0
1x1/352100 16 57 0
1x1/05131d 17 57 0
1x1/05131d 18 57 0
1x1/0a1327 19 57 0
1x1/0a1327 20 57 0
1x1/1b2a34 21 57 0
1x1/352100 22 57 0
1x1/3e3c39 23 57 0
1x1/57392c 24 57 0
1x1/57392c 25 57 0
1x1/1b2a34 26 57 0
1x1/352100 27 57 0
1x1/352100 28 57 0
1x4/4d4c52 29 57 0
2x6/354e5a 59 57 0
1x6/575857 61 57 0
2x2/3e3c39 0 58 0
1x3/cca373 2 58 0
1x1/352100 16 58 0
1x1/352100 17 58 0
1x1/352100 18 58 0
1x1/0a1327 19 58 0
1x1/352100 20 58 0
1x1/352100 21 58 0
1x1/352100 22 58 0
1x1/352100 23 58 0
1x1/352100 24 58 0
1x1/352100 25 58 0
1x1/352100 26 58 0
1x1/352100 27 58 0
1x1/3e3c39 28 58 0
1x6/595d60 39 58 0
1x5/cca373 7 59 0
2x4/915c3c 13 59 0
1x2/583927 15 59 0
1x1/582a12 16 59 0
3x3/57392c 17 59 0
1x1/3e3c39 20 59 0
1x1/352100 21 59 0
1x1/352100 22 59 0
1x1/05131d 23 59 0
1x1/05131d 24 59 0
1x1/352100 25 59 0
1x1/352100 26 59 0
1x1/3e3c39 27 59 0
1x5/595d60 28 59 0
4x4/575857 40 59 0
1x1/1b2a34 0 60 0
1x1/b48455 1 60 0
1x4/dec69c 4 60 0
2x4/907450 11 60 0
1x4/764d3b 16 60 0
1x2/352100 20 60 0
1x1/352100 21 60 0
1x1/05131d 22 60 0
1x1/05131d 23 60 0
1x1/352100 24 60 0
1x1/352100 25 60 0
1x2/3e3c39 26 60 0
1x4/595d60 27 60 0
1x1/d9d9d9 0 61 0
1x2/5e3f33 1 61 0
1x3/dcbc81 2 61 0
1x3/b48455 10 61 0
1x3/915c3c 15 61 0
1x1/05131d 21 61 0
1x1/0a1327 22 61 0
1x1/05131d 23 61 0
1x1/352100 24 61 0
1x1/1b2a34 25 61 0
1x3/595d60 29 61 0
1x3/595d60 31 61 0
2x3/595d60 45 61 0
1x2/5c5030 0 62 0
1x2/cca373 6 62 0
2x2/583927 17 62 0
1x1/352100 19 62 0
1x1/352100 20 62 0
1x1/05131d 21 62 0
1x1/05131d 22 62 0
1x1/352100 23 62 0
1x1/352100 24 62 0
1x2/3e3c39 25 62 0
1x2/4d4c52 26 62 0
1x1/ae7a59 1 63 0
1x1/dcbc81 5 63 0
1x1/d09168 8 63 0
1x1/d09168 9 63 0
1x1/7c503a 13 63 0
1x1/915c3c 14 63 0
1x1/352100 19 63 0
1x1/05131d 20 63 0
1x1/352100 21 63 0
1x1/352100 22 63 0
1x1/352100 23 63 0
1x1/1b2a34 24 63 0
1x1/575857 33 63 0
1x1/4d4c52 35 63 0
1x1/4d4c52 36 63 0
1x1/575857 40 63 0
1x1/575857 41 63 0
1x1/575857 42 63 0
1x1/595d60 43 63 0
1x1/595d60 47 63 0
1x1/616161 50 63 0
1x1/616161 51 63 0
1x1/575857 53 63 0
1x1/575857 54 63 0
1x1/4d4c52 55 63 0
1x1/575857 58 63 0
1x1/575857 59 63 0
1x1/4d4c52 60 63 0
1x1/4d4c52 61 63 0
