610 34.57 376766 6
1x2/1591cb 0 0 0
1x1/078bc9 1 0 0
1x1/078bc9 2 0 0
1x1/078bc9 3 0 0
1x1/078bc9 4 0 0
1x1/078bc9 5 0 0
1x1/078bc9 6 0 0
1x1/078bc9 7 0 0
1x1/078bc9 8 0 0
1x1/078bc9 9 0 0
1x1/078bc9 10 0 0
1x1/078bc9 11 0 0
1x1/078bc9 12 0 0
1x1/078bc9 13 0 0
2x2/078bc9 14 0 0
2x2/078bc9 16 0 0
2x2/078bc9 18 0 0
1x2/078bc9 20 0 0
1x1/078bc9 21 0 0
1x1/078bc9 22 0 0
1x2/078bc9 23 0 0
1x1/078bc9 24 0 0
1x1/078bc9 25 0 0
2x3/1591cb 26 0 0
1x1/3e95b6 28 0 0
1x1/68aece 29 0 0
1x1/a5a5cb 30 0 0
1x1/9fc3e9 31 0 0
1x1/1591cb 1 1 0
2x2/1591cb 2 1 0
1x1/1591cb 4 1 0
1x1/1591cb 5 1 0
2x2/1591cb 6 1 0
1x2/1591cb 8 1 0
1x1/1591cb 9 1 0
1x1/3592c3 10 1 0
1x1/3592c3 11 1 0
1x1/1591cb 12 1 0
1x2/1591cb 13 1 0
2x2/1591cb 21 1 0
2x2/1591cb 24 1 0
1x2/1591cb 28 1 0
1x3/3592c3 29 1 0
1x1/3e95b6 30 1 0
1x1/5b98b3 31 1 0
1x1/0059a3 0 2 0
1x1/10929d 1 2 0
2x3/3592c3 4 2 0
1x5/3592c3 9 2 0
1x1/6c96bf 10 2 0
1x2/68aece 11 2 0
1x1/3592c3 12 2 0
1x1/1591cb 14 2 0
2x2/1591cb 15 2 0
2x2/1591cb 17 2 0
2x2/1591cb 19 2 0
1x1/1591cb 23 2 0
2x4/3592c3 30 2 0
1x1/0a3463 0 3 0
1x2/0a3463 1 3 0
1x1/0059a3 2 3 0
1x1/3592c3 3 3 0
3x3/3592c3 6 3 0
1x1/5b98b3 10 3 0
1x1/6c96bf 12 3 0
1x1/3592c3 13 3 0
1x5/3592c3 14 3 0
1x1/3592c3 21 3 0
2x3/3592c3 22 3 0
1x1/5b98b3 24 3 0
1x1/68aece 25 3 0
1x1/68aece 26 3 0
1x1/5b98b3 27 3 0
1x1/3592c3 28 3 0
1x1/1b2a34 0 4 0
1x2/0a3463 2 4 0
1x1/10929d 3 4 0
1x4/3592c3 10 4 0
1x1/3e95b6 11 4 0
1x1/5b98b3 12 4 0
1x1/3e95b6 13 4 0
3x3/3592c3 15 4 0
2x2/3592c3 18 4 0
1x1/3592c3 20 4 0
1x1/3e95b6 21 4 0
1x1/7dbfdd 24 4 0
1x1/b4d2e3 25 4 0
1x1/9fc3e9 26 4 0
1x1/68aece 27 4 0
1x1/3e95b6 28 4 0
1x1/3e95b6 29 4 0
1x1/0a1327 0 5 0
1x1/1b2a34 1 5 0
1x1/0d4763 3 5 0
1x1/10929d 4 5 0
1x1/3592c3 5 5 0
3x3/3592c3 11 5 0
1x1/68aece 20 5 0
1x1/7dbfdd 21 5 0
1x1/68aece 24 5 0
1x1/7dbfdd 25 5 0
1x1/68aece 26 5 0
1x2/3e95b6 27 5 0
2x2/3592c3 28 5 0
1x1/05131d 0 6 0
1x2/0a1327 1 6 0
1x1/1b2a34 2 6 0
1x1/0a3463 3 6 0
1x1/0d4763 4 6 0
1x1/0d4763 5 6 0
1x1/27867e 6 6 0
1x1/3e95b6 7 6 0
1x1/3592c3 8 6 0
1x1/3e95b6 18 6 0
1x1/9fc3e9 19 6 0
1x2/c9cae2 20 6 0
1x1/b4d2e3 21 6 0
1x1/3e95b6 22 6 0
1x1/3592c3 23 6 0
1x1/5b98b3 24 6 0
1x1/3e95b6 25 6 0
1x1/3592c3 26 6 0
1x2/3592c3 30 6 0
1x1/3592c3 31 6 0
1x1/0a1327 0 7 0
1x2/0a1327 2 7 0
1x2/1b2a34 3 7 0
1x1/0a3463 4 7 0
1x1/0a3463 5 7 0
1x2/0a3463 6 7 0
1x1/0d4763 7 7 0
1x1/27867e 8 7 0
1x1/3e95b6 9 7 0
1x1/3592c3 15 7 0
1x1/3592c3 16 7 0
1x1/3e95b6 17 7 0
1x1/68aece 18 7 0
1x2/b4d2e3 19 7 0
1x1/9fc3e9 21 7 0
1x1/68aece 22 7 0
1x1/7dbfdd 23 7 0
1x3/7dbfdd 24 7 0
1x1/68aece 25 7 0
1x1/68aece 26 7 0
1x2/7dbfdd 27 7 0
1x2/68aece 28 7 0
1x1/3592c3 29 7 0
1x1/3e95b6 31 7 0
2x6/05131d 0 8 0
2x2/1b2a34 4 8 0
1x1/0a3463 7 8 0
1x2/0a3463 8 8 0
1x1/27867e 9 8 0
1x1/3e95b6 10 8 0
1x1/3e95b6 11 8 0
1x1/3e95b6 12 8 0
1x1/3e95b6 13 8 0
1x1/36aebf 14 8 0
1x1/3e95b6 15 8 0
1x1/68aece 16 8 0
1x1/55a5af 17 8 0
1x2/7dbfdd 18 8 0
1x1/afb5c7 20 8 0
2x2/7dbfdd 21 8 0
1x1/b4d2e3 23 8 0
1x1/7dbfdd 25 8 0
1x1/7dbfdd 26 8 0
1x1/3e95b6 29 8 0
1x1/3e95b6 30 8 0
1x1/467083 31 8 0
1x6/05131d 2 9 0
1x1/0a1327 3 9 0
2x3/1b2a34 6 9 0
1x2/0a3463 9 9 0
1x1/467083 10 9 0
1x1/9195ca 11 9 0
1x1/bdc6ad 12 9 0
1x1/dec69c 13 9 0
1x1/dec69c 14 9 0
1x1/cdc298 15 9 0
1x1/ae7a59 16 9 0
1x1/68aece 17 9 0
1x1/afb5c7 19 9 0
1x1/7dbfdd 20 9 0
1x1/a5a5cb 23 9 0
1x1/a5a5cb 25 9 0
1x1/68aece 26 9 0
1x1/6c96bf 27 9 0
1x1/5b98b3 28 9 0
1x1/467083 29 9 0
1x1/467083 30 9 0
1x2/0d4763 31 9 0
1x4/05131d 3 10 0
1x1/0a1327 4 10 0
1x1/1b2a34 5 10 0
1x1/1b2a34 8 10 0
1x1/e6e3da 10 10 0
1x1/dec69c 11 10 0
1x1/ae7a59 12 10 0
1x1/945148 13 10 0
1x1/582a12 14 10 0
1x1/330000 15 10 0
2x2/05131d 16 10 0
1x2/05131d 18 10 0
1x1/5b98b3 19 10 0
1x1/68aece 20 10 0
2x2/68aece 21 10 0
1x2/68aece 23 10 0
1x1/68aece 24 10 0
1x1/68aece 25 10 0
1x1/5b98b3 26 10 0
1x1/6074a1 27 10 0
1x4/467083 28 10 0
1x1/354e5a 29 10 0
1x1/0d4763 30 10 0
1x4/05131d 4 11 0
1x1/0a1327 5 11 0
1x1/898788 8 11 0
1x1/e6e3da 9 11 0
1x1/cdc298 10 11 0
1x1/907450 11 11 0
1x1/330000 12 11 0
1x1/05131d 13 11 0
1x1/05131d 14 11 0
1x1/0a1327 15 11 0
1x1/05131d 19 11 0
1x2/05131d 20 11 0
1x1/6c96bf 24 11 0
1x1/6e8aa6 25 11 0
1x1/467083 26 11 0
1x3/467083 27 11 0
1x1/467083 29 11 0
1x1/467083 30 11 0
1x1/467083 31 11 0
1x2/05131d 5 12 0
1x1/0a1327 6 12 0
1x1/d4d5c9 7 12 0
1x1/f6d7b3 8 12 0
1x1/cca373 9 12 0
1x1/7c503a 10 12 0
1x1/352100 11 12 0
1x2/05131d 12 12 0
1x1/3e3c39 13 12 0
1x1/898788 14 12 0
1x1/737271 15 12 0
1x1/898788 16 12 0
1x1/616161 17 12 0
1x1/354e5a 18 12 0
1x2/3e3c39 19 12 0
1x1/1b2a34 21 12 0
1x1/5b98b3 22 12 0
1x1/5b98b3 23 12 0
1x1/467083 24 12 0
1x1/467083 25 12 0
1x2/354e5a 26 12 0
1x1/5f7d8c 29 12 0
1x1/5f7d8c 30 12 0
1x1/354e5a 31 12 0
1x1/5e5e5e 6 13 0
1x2/dec69c 7 13 0
1x1/cca373 8 13 0
1x1/7c503a 9 13 0
1x1/352100 10 13 0
1x6/05131d 11 13 0
1x1/595d60 13 13 0
1x1/b3d7d1 14 13 0
1x1/3e3c39 15 13 0
1x1/05131d 16 13 0
1x1/05131d 17 13 0
1x1/05131d 18 13 0
1x1/354e5a 20 13 0
1x1/05131d 21 13 0
1x6/05131d 22 13 0
1x1/354e5a 23 13 0
2x3/0d4763 24 13 0
1x1/467083 29 13 0
1x1/354e5a 30 13 0
1x3/0d4763 31 13 0
1x1/05131d 0 14 0
1x1/05131d 1 14 0
1x1/0a1327 3 14 0
1x1/0a1327 5 14 0
1x1/dec69c 6 14 0
1x1/ae7a59 8 14 0
1x1/583927 9 14 0
1x1/330000 10 14 0
1x1/0a1327 12 14 0
1x1/6c6e68 13 14 0
1x1/3e3c39 14 14 0
1x1/05131d 15 14 0
1x1/354e5a 16 14 0
1x1/68aece 17 14 0
1x1/354e5a 18 14 0
1x1/05131d 19 14 0
1x1/3e3c39 20 14 0
1x2/3e3c39 21 14 0
1x1/0d4763 23 14 0
1x3/0d4763 26 14 0
1x1/354e5a 27 14 0
2x4/0d4763 28 14 0
1x2/0d4763 30 14 0
1x1/0a1327 0 15 0
1x1/0a1327 1 15 0
1x1/0a1327 2 15 0
1x1/1b2a34 3 15 0
1x1/1b2a34 4 15 0
1x1/4d4c52 5 15 0
1x1/f6d7b3 6 15 0
1x1/dcbc81 7 15 0
1x1/945148 8 15 0
1x1/57392c 9 15 0
1x2/05131d 10 15 0
1x1/4d4c52 12 15 0
1x1/737271 13 15 0
1x4/05131d 14 15 0
1x1/0d4763 15 15 0
1x1/7dbfdd 16 15 0
1x1/7dbfdd 17 15 0
1x1/7dbfdd 18 15 0
1x3/354e5a 19 15 0
1x1/1b2a34 20 15 0
1x3/05131d 23 15 0
1x2/0d4763 27 15 0
1x1/4d4c52 0 16 0
1x1/4d4c52 1 16 0
1x1/3e3c39 2 16 0
1x1/3e3c39 3 16 0
1x1/3e3c39 4 16 0
1x1/d4d5c9 5 16 0
1x1/e4cd9e 6 16 0
1x1/cca373 7 16 0
1x1/5e3f33 8 16 0
1x2/352100 9 16 0
1x1/645a4c 12 16 0
1x1/3e3c39 13 16 0
1x1/1b2a34 15 16 0
1x1/0a3463 16 16 0
1x1/467083 17 16 0
1x1/467083 18 16 0
1x1/05131d 20 16 0
1x4/1b2a34 21 16 0
1x1/0d4763 24 16 0
1x1/354e5a 25 16 0
1x1/354e5a 30 16 0
1x1/354e5a 31 16 0
1x1/1b2a34 0 17 0
1x1/1b2a34 1 17 0
2x2/1b2a34 2 17 0
1x1/354e5a 4 17 0
1x1/f6d7b3 5 17 0
1x2/dec69c 6 17 0
1x2/bd7d85 7 17 0
1x2/57392c 8 17 0
1x6/0d4763 10 17 0
1x1/635f52 12 17 0
1x2/575857 13 17 0
1x1/0d4763 15 17 0
1x1/3e95b6 16 17 0
1x1/5b98b3 17 17 0
1x1/5b98b3 18 17 0
1x1/1b2a34 20 17 0
4x4/467083 24 17 0
2x10/0d4763 30 17 0
2x4/0a1327 0 18 0
1x3/f6d7b3 4 18 0
1x1/e6e3da 5 18 0
1x1/0a1327 9 18 0
1x1/3e3c39 12 18 0
1x1/0a1327 15 18 0
1x1/27867e 16 18 0
1x1/467083 17 18 0
1x1/467083 18 18 0
1x1/3e3c39 19 18 0
1x1/5e5e5e 20 18 0
1x1/184632 23 18 0
1x1/27867e 28 18 0
1x8/0d4763 29 18 0
1x3/0a1327 2 19 0
1x1/898788 3 19 0
1x2/f6d7b3 5 19 0
1x1/cdc298 6 19 0
1x2/907450 7 19 0
1x1/3e3c39 8 19 0
1x2/1b2a34 9 19 0
1x1/0a3463 11 19 0
1x2/05131d 12 19 0
1x1/3e3c39 13 19 0
1x1/3e3c39 14 19 0
1x2/1b2a34 15 19 0
1x1/05131d 16 19 0
1x1/0a1327 17 19 0
1x1/0a1327 18 19 0
1x1/4d4c52 19 19 0
1x2/1b2a34 20 19 0
1x1/05131d 22 19 0
1x3/467083 23 19 0
1x1/467083 28 19 0
1x1/f6d7b3 3 20 0
1x2/cca373 6 20 0
1x2/352100 8 20 0
1x4/0d4763 11 20 0
1x2/05131d 13 20 0
1x1/4d4c52 14 20 0
1x1/354e5a 16 20 0
1x1/3e3c39 17 20 0
1x1/1b2a34 18 20 0
1x1/1b2a34 19 20 0
1x2/05131d 21 20 0
1x1/1b2a34 22 20 0
1x6/0d4763 28 20 0
1x3/e4cd9e 3 21 0
1x3/dec69c 4 21 0
1x1/dec69c 5 21 0
1x2/755945 7 21 0
1x2/0a1327 9 21 0
1x4/0d4763 12 21 0
1x1/05131d 14 21 0
1x1/0a1327 15 21 0
1x1/0a1327 16 21 0
1x1/1b2a34 17 21 0
1x1/3e3c39 18 21 0
2x2/05131d 19 21 0
1x1/467083 22 21 0
1x1/467083 24 21 0
1x1/0d4763 25 21 0
1x1/0d4763 26 21 0
1x6/0d4763 27 21 0
1x3/0a1327 0 22 0
1x1/0a1327 1 22 0
1x1/3e3c39 2 22 0
1x1/cca373 5 22 0
1x1/bd7d85 6 22 0
1x3/1b2a34 8 22 0
1x3/0d4763 13 22 0
1x1/0a3463 14 22 0
1x1/05131d 15 22 0
1x1/05131d 16 22 0
1x2/05131d 17 22 0
1x1/05131d 18 22 0
1x1/0a1327 21 22 0
1x1/354e5a 22 22 0
1x1/0d4763 23 22 0
1x1/354e5a 24 22 0
1x1/354e5a 25 22 0
1x1/354e5a 26 22 0
1x1/05131d 1 23 0
1x1/737271 2 23 0
1x2/dcbc81 5 23 0
1x1/ae7a59 6 23 0
1x1/764d3b 7 23 0
1x4/1b2a34 9 23 0
1x2/0a1327 10 23 0
1x1/0d4763 14 23 0
1x1/0a1327 15 23 0
1x1/330000 16 23 0
2x2/352100 18 23 0
1x1/352100 20 23 0
1x1/352100 21 23 0
1x1/352100 22 23 0
1x1/0a3463 23 23 0
1x1/0a3463 24 23 0
2x4/0d4763 25 23 0
1x1/0a1327 1 24 0
1x1/958a73 2 24 0
1x3/dec69c 3 24 0
1x1/e4cd9e 4 24 0
1x4/907450 6 24 0
1x1/57392c 7 24 0
1x1/0a1327 11 24 0
1x1/1b2a34 14 24 0
1x1/3e3c39 15 24 0
1x1/cdc298 16 24 0
1x2/352100 17 24 0
1x1/3e3c39 20 24 0
1x1/354e5a 21 24 0
1x1/0d4763 22 24 0
1x1/0d4763 23 24 0
1x3/0d4763 24 24 0
2x2/1b2a34 0 25 0
1x1/b4a774 2 25 0
1x2/dec69c 4 25 0
1x1/cca373 5 25 0
1x2/5e3f33 7 25 0
1x1/352100 8 25 0
2x2/1b2a34 10 25 0
1x1/0a1327 12 25 0
1x1/1b2a34 13 25 0
1x2/3e3c39 14 25 0
1x1/764d3b 15 25 0
1x1/915c3c 16 25 0
1x1/352100 18 25 0
1x1/354e5a 19 25 0
1x4/354e5a 20 25 0
1x1/467083 21 25 0
1x1/467083 22 25 0
1x4/354e5a 23 25 0
1x1/dcbc81 2 26 0
1x1/d09168 5 26 0
1x1/3e3c39 8 26 0
1x1/3e3c39 12 26 0
1x1/3e3c39 13 26 0
1x1/57392c 15 26 0
1x2/352100 16 26 0
1x1/1b2a34 17 26 0
2x2/467083 18 26 0
2x3/354e5a 21 26 0
1x1/0d4763 28 26 0
1x1/0d4763 29 26 0
1x2/184632 0 27 0
1x2/3e3c39 1 27 0
1x2/dec69c 2 27 0
1x2/dcbc81 3 27 0
1x2/cca373 4 27 0
1x1/aa7d55 5 27 0
1x2/582a12 7 27 0
1x3/352100 8 27 0
1x1/352100 9 27 0
1x3/0a1327 10 27 0
2x2/1b2a34 11 27 0
1x1/1b2a34 13 27 0
1x1/764d3b 14 27 0
1x1/352100 15 27 0
1x1/467083 17 27 0
2x2/354e5a 24 27 0
3x3/354e5a 26 27 0
1x3/354e5a 29 27 0
1x1/0d4763 30 27 0
1x1/0d4763 31 27 0
1x2/915c3c 5 28 0
1x1/7c503a 6 28 0
1x1/0a1327 9 28 0
2x2/352100 13 28 0
1x1/1b2a34 15 28 0
1x2/354e5a 16 28 0
1x1/595d60 17 28 0
1x1/595d60 18 28 0
1x1/354e5a 19 28 0
2x2/354e5a 30 28 0
1x2/3e3c39 0 29 0
1x1/aa7d55 1 29 0
1x2/dcbc81 2 29 0
1x1/dec69c 3 29 0
1x3/d09168 4 29 0
1x1/764d3b 6 29 0
1x1/583927 7 29 0
1x1/352100 9 29 0
1x2/352100 11 29 0
1x1/3e3c39 12 29 0
1x1/354e5a 15 29 0
1x1/4d4c52 17 29 0
1x1/354e5a 18 29 0
1x1/575857 19 29 0
1x1/575857 20 29 0
1x1/575857 21 29 0
1x2/354e5a 22 29 0
1x2/595d60 23 29 0
1x3/575857 24 29 0
1x1/354e5a 25 29 0
1x2/cca373 1 30 0
1x1/dcbc81 3 30 0
1x1/aa7d55 5 30 0
1x1/915c3c 6 30 0
1x1/7c503a 7 30 0
1x1/583927 8 30 0
1x1/57392c 9 30 0
1x1/57392c 10 30 0
1x1/05131d 12 30 0
1x1/352100 13 30 0
1x1/575857 14 30 0
1x1/575857 15 30 0
1x2/595d60 16 30 0
1x1/595d60 17 30 0
1x1/595d60 18 30 0
1x1/616161 19 30 0
1x2/595d60 20 30 0
1x1/595d60 21 30 0
1x1/575857 25 30 0
1x1/595d60 26 30 0
1x1/595d60 27 30 0
1x1/595d60 28 30 0
1x1/575857 29 30 0
1x1/354e5a 30 30 0
1x1/4d4c52 31 30 0
1x1/d4d5c9 0 31 0
1x1/dec69c 2 31 0
1x1/cca373 3 31 0
1x1/b48455 5 31 0
1x1/aa7d55 6 31 0
1x1/915c3c 7 31 0
1x1/755945 8 31 0
1x1/583927 9 31 0
1x1/352100 10 31 0
1x1/05131d 11 31 0
1x1/352100 12 31 0
1x1/3e3c39 13 31 0
1x1/595d60 14 31 0
1x1/595d60 15 31 0
1x1/575857 17 31 0
1x1/575857 18 31 0
1x1/595d60 19 31 0
1x1/575857 21 31 0
1x1/4d4c52 22 31 0
1x1/575857 23 31 0
1x1/595d60 25 31 0
1x1/575857 26 31 0
1x1/354e5a 27 31 0
1x1/354e5a 28 31 0
1x1/595d60 29 31 0
1x1/575857 30 31 0
1x1/575857 31 31 0
