733 84.34 9632636 0
4x4/0055bf 0 0 0
6x6/0055bf 4 0 0
8x11/0055bf 10 0 0
1x12/0055bf 18 0 0
3x3/0055bf 19 0 0
3x3/0055bf 22 0 0
6x6/0055bf 25 0 0
8x8/0055bf 31 0 0
8x8/0055bf 39 0 0
4x4/0055bf 47 0 0
4x6/0055bf 51 0 0
2x12/55a5af 55 0 0
1x2/55a5af 57 0 0
1x2/9ba19d 58 0 0
1x2/9ba19d 59 0 0
1x2/b4d2e3 60 0 0
1x2/b4d2e3 61 0 0
1x2/b4d2e3 62 0 0
1x2/b4d2e3 63 0 0
6x14/008f9b 57 2 0
1x12/55a5af 63 2 0
1x12/55a5af 19 3 0
4x12/55a5af 20 3 0
1x3/008f9b 24 3 0
1x1/0a3463 0 4 0
1x2/0055bf 1 4 0
1x2/0055bf 2 4 0
1x2/0055bf 3 4 0
1x3/008f9b 47 4 0
1x2/008f9b 48 4 0
1x2/008f9b 49 4 0
1x2/008f9b 50 4 0
1x6/1b2a34 0 5 0
2x12/05131d 1 6 0
1x1/0a3463 3 6 0
1x2/0055bf 4 6 0
1x2/008f9b 5 6 0
3x3/008f9b 6 6 0
1x6/008f9b 9 6 0
2x12/55a5af 24 6 0
4x10/55a5af 26 6 0
1x10/008f9b 30 6 0
1x2/55a5af 48 6 0
1x1/55a5af 49 6 0
1x1/55a5af 50 6 0
1x1/55a5af 51 6 0
1x2/55a5af 52 6 0
2x8/55a5af 53 6 0
1x8/1b2a34 3 7 0
1x12/55a5af 47 7 0
3x3/b4d2e3 49 7 0
2x6/1b2a34 4 8 0
4x8/55a5af 31 8 0
3x3/008f9b 35 8 0
1x3/008f9b 38 8 0
1x2/008f9b 39 8 0
1x2/55a5af 40 8 0
1x2/55a5af 41 8 0
1x2/55a5af 42 8 0
4x4/55a5af 43 8 0
1x3/b4d2e3 48 8 0
1x2/b4d2e3 52 8 0
1x2/0033b2 6 9 0
1x2/0055bf 7 9 0
1x2/008f9b 8 9 0
1x1/55a5af 39 10 0
1x2/b4d2e3 40 10 0
2x10/b4d2e3 41 10 0
1x2/9ba19d 49 10 0
1x2/55a5af 50 10 0
2x10/55a5af 51 10 0
1x12/05131d 0 11 0
2x12/05131d 6 11 0
1x1/0055bf 8 11 0
1x1/008f9b 10 11 0
1x1/008f9b 11 11 0
1x2/55a5af 12 11 0
1x2/55a5af 13 11 0
1x2/55a5af 14 11 0
1x2/55a5af 15 11 0
2x3/55a5af 16 11 0
1x5/55a5af 35 11 0
1x3/55a5af 36 11 0
1x2/55a5af 37 11 0
1x1/55a5af 38 11 0
1x2/b4d2e3 39 11 0
1x6/55a5af 48 11 0
2x6/1b2a34 8 12 0
1x1/008f9b 10 12 0
1x1/008f9b 11 12 0
1x4/55a5af 18 12 0
1x8/b4d2e3 38 12 0
1x4/b4d2e3 40 12 0
1x12/55a5af 43 12 0
1x2/55a5af 44 12 0
1x1/55a5af 45 12 0
1x1/55a5af 46 12 0
2x3/55a5af 49 12 0
1x2/55a5af 55 12 0
1x6/55a5af 56 12 0
2x10/1b2a34 10 13 0
2x4/0a3463 12 13 0
1x1/008f9b 14 13 0
1x1/008f9b 15 13 0
1x6/b4d2e3 37 13 0
1x4/b4d2e3 39 13 0
1x2/55a5af 45 13 0
1x2/55a5af 46 13 0
2x16/05131d 4 14 0
2x8/1b2a34 14 14 0
1x1/008f9b 16 14 0
1x2/008f9b 17 14 0
1x6/55a5af 36 14 0
1x10/55a5af 44 14 0
2x3/9ba19d 53 14 0
1x4/55a5af 55 14 0
1x4/008f9b 63 14 0
1x12/05131d 3 15 0
1x5/0a3463 16 15 0
1x2/55a5af 19 15 0
3x3/55a5af 20 15 0
1x3/55a5af 23 15 0
2x4/b4d2e3 45 15 0
2x6/9ba19d 49 15 0
1x5/0a3463 17 16 0
1x2/008f9b 18 16 0
1x2/55a5af 26 16 0
1x1/55a5af 27 16 0
1x1/55a5af 28 16 0
1x1/55a5af 29 16 0
1x1/55a5af 30 16 0
1x1/55a5af 31 16 0
1x1/55a5af 32 16 0
3x3/55a5af 33 16 0
1x5/9ba19d 40 16 0
1x3/55a5af 57 16 0
1x2/55a5af 58 16 0
1x2/55a5af 59 16 0
1x2/55a5af 60 16 0
1x2/4354a3 61 16 0
1x10/3f3691 62 16 0
2x6/05131d 12 17 0
1x1/008f9b 19 17 0
1x1/b4d2e3 27 17 0
1x2/b4d2e3 28 17 0
1x1/9ba19d 29 17 0
1x1/c2dab8 30 17 0
1x1/c2dab8 31 17 0
1x1/c870a0 32 17 0
1x3/b4d2e3 39 17 0
1x3/9ba19d 48 17 0
1x3/55a5af 53 17 0
1x3/55a5af 54 17 0
2x12/05131d 1 18 0
2x12/05131d 8 18 0
1x3/1b2a34 18 18 0
1x2/0a3463 19 18 0
1x1/008f9b 20 18 0
1x1/55a5af 21 18 0
1x2/b4d2e3 22 18 0
1x2/fc97ac 23 18 0
1x2/fc97ac 24 18 0
1x1/fc97ac 25 18 0
1x1/fc97ac 26 18 0
1x1/fc97ac 27 18 0
1x1/fc97ac 29 18 0
1x1/fc97ac 30 18 0
1x1/958a73 31 18 0
1x1/583927 32 18 0
1x2/55a5af 55 18 0
1x2/55a5af 56 18 0
2x8/6c6e68 58 18 0
2x4/237841 60 18 0
1x12/237841 63 18 0
1x1/9ba19d 20 19 0
1x2/b4d2e3 21 19 0
1x1/c870a0 25 19 0
1x1/c870a0 26 19 0
1x1/c870a0 27 19 0
1x1/6d6e5c 28 19 0
1x1/583927 29 19 0
1x1/583927 30 19 0
1x1/583927 31 19 0
1x1/05131d 32 19 0
1x1/55a5af 33 19 0
1x1/9ba19d 34 19 0
1x1/9ba19d 35 19 0
1x1/9ba19d 37 19 0
3x3/9ba19d 45 19 0
1x8/6c6e68 57 19 0
1x2/05131d 16 20 0
1x3/b4d2e3 19 20 0
1x2/b4d2e3 20 20 0
1x1/fc97ac 22 20 0
1x1/c870a0 23 20 0
1x1/6d6e5c 24 20 0
1x1/583927 25 20 0
1x1/583927 26 20 0
1x1/583927 27 20 0
1x1/05131d 28 20 0
1x2/05131d 29 20 0
1x3/05131d 30 20 0
1x2/05131d 31 20 0
1x2/05131d 32 20 0
1x2/05131d 33 20 0
1x2/05131d 34 20 0
1x2/05131d 35 20 0
2x3/05131d 36 20 0
1x1/55a5af 38 20 0
1x1/55a5af 39 20 0
1x2/55a5af 41 20 0
1x3/55a5af 42 20 0
1x3/55a5af 48 20 0
1x2/55a5af 51 20 0
1x2/55a5af 52 20 0
1x3/55a5af 53 20 0
2x8/3f3691 54 20 0
1x10/3f3691 56 20 0
1x1/9ba19d 17 21 0
1x2/ffffff 18 21 0
1x1/9ba19d 21 21 0
1x1/c870a0 22 21 0
1x1/583927 23 21 0
1x2/583927 24 21 0
1x3/05131d 25 21 0
2x3/05131d 26 21 0
1x2/05131d 28 21 0
2x3/05131d 38 21 0
1x1/55a5af 40 21 0
1x2/9ba19d 49 21 0
1x2/9ba19d 50 21 0
1x1/05131d 14 22 0
1x1/6d6e5c 15 22 0
2x3/b4d2e3 16 22 0
1x1/c870a0 20 22 0
1x1/958a73 21 22 0
1x1/583927 22 22 0
1x2/583927 23 22 0
1x1/583927 29 22 0
1x1/583927 31 22 0
1x1/583927 32 22 0
1x2/583927 33 22 0
1x2/583927 34 22 0
1x2/05131d 35 22 0
1x1/05131d 40 22 0
1x3/05131d 41 22 0
1x3/55a5af 45 22 0
1x2/55a5af 46 22 0
1x2/55a5af 47 22 0
2x4/6c6e68 51 22 0
2x3/6d6e5c 60 22 0
1x8/05131d 0 23 0
2x8/05131d 6 23 0
3x3/05131d 10 23 0
1x1/05131d 13 23 0
1x5/b4d2e3 14 23 0
1x2/b4d2e3 15 23 0
1x1/fc97ac 18 23 0
1x1/c870a0 19 23 0
1x1/6d6e5c 20 23 0
1x1/583927 21 23 0
1x2/05131d 22 23 0
1x5/05131d 24 23 0
1x1/237841 28 23 0
1x2/6d6e5c 29 23 0
1x3/9ba19d 30 23 0
1x1/6d6e5c 31 23 0
1x2/6d6e5c 32 23 0
2x3/6d6e5c 36 23 0
1x2/05131d 40 23 0
1x5/05131d 42 23 0
1x1/55a5af 48 23 0
1x2/55a5af 49 23 0
1x12/6c6e68 50 23 0
1x12/3f3691 53 23 0
1x8/c2dab8 13 24 0
1x1/c870a0 18 24 0
1x1/6d6e5c 19 24 0
1x2/583927 20 24 0
1x2/05131d 21 24 0
1x6/05131d 23 24 0
1x1/05131d 25 24 0
1x6/6d6e5c 26 24 0
1x5/9ba19d 27 24 0
1x2/9ba19d 28 24 0
1x1/9ba19d 31 24 0
1x1/6d6e5c 33 24 0
1x1/6d6e5c 34 24 0
1x2/6d6e5c 35 24 0
2x3/583927 38 24 0
1x4/05131d 43 24 0
1x1/55a5af 44 24 0
1x1/55a5af 46 24 0
2x4/3f3691 47 24 0
1x3/fc97ac 15 25 0
1x3/c870a0 16 25 0
1x1/c870a0 17 25 0
1x1/6d6e5c 18 25 0
1x2/583927 19 25 0
1x12/05131d 22 25 0
1x2/583927 25 25 0
1x2/9ba19d 29 25 0
1x1/6d6e5c 31 25 0
1x1/583927 32 25 0
1x2/05131d 33 25 0
1x1/05131d 34 25 0
1x1/583927 40 25 0
1x1/05131d 41 25 0
1x1/237841 44 25 0
1x2/3f3691 45 25 0
1x5/3f3691 46 25 0
1x12/237841 49 25 0
2x16/237841 60 25 0
1x4/05131d 10 26 0
1x2/05131d 11 26 0
1x1/9ba19d 12 26 0
1x1/958a73 17 26 0
1x6/583927 18 26 0
2x6/05131d 20 26 0
1x1/ffffff 28 26 0
1x3/05131d 30 26 0
1x2/05131d 31 26 0
1x2/05131d 32 26 0
1x1/05131d 34 26 0
1x2/05131d 35 26 0
1x2/05131d 36 26 0
1x1/583927 37 26 0
1x1/9ba19d 40 26 0
1x10/583927 41 26 0
1x12/05131d 44 26 0
2x16/237841 51 26 0
2x16/237841 58 26 0
1x12/237841 62 26 0
1x4/05131d 3 27 0
1x10/c2dab8 12 27 0
1x1/583927 17 27 0
1x6/05131d 19 27 0
1x1/9ba19d 25 27 0
1x1/6d6e5c 28 27 0
1x3/05131d 29 27 0
1x1/05131d 33 27 0
1x1/05131d 34 27 0
1x2/05131d 37 27 0
1x5/05131d 38 27 0
1x2/583927 39 27 0
1x4/583927 40 27 0
1x1/05131d 45 27 0
1x12/237841 57 27 0
1x1/6d6e5c 11 28 0
1x6/fc97ac 14 28 0
1x4/c870a0 15 28 0
1x2/6d6e5c 16 28 0
1x6/583927 17 28 0
1x1/237841 24 28 0
1x5/583927 25 28 0
1x8/05131d 28 28 0
1x1/237841 31 28 0
1x2/55a5af 32 28 0
1x1/55a5af 33 28 0
1x1/b4d2e3 34 28 0
1x3/b4d2e3 35 28 0
1x1/6d6e5c 36 28 0
1x6/583927 42 28 0
1x2/05131d 43 28 0
1x8/05131d 45 28 0
2x16/237841 47 28 0
2x16/237841 54 28 0
1x8/ffffff 11 29 0
1x1/6d6e5c 24 29 0
1x6/05131d 27 29 0
1x1/55a5af 30 29 0
1x1/9fc3e9 31 29 0
1x2/b4d2e3 33 29 0
1x2/b4d2e3 34 29 0
1x1/b4d2e3 36 29 0
1x6/6d6e5c 37 29 0
1x6/05131d 39 29 0
1x1/05131d 1 30 0
1x1/05131d 2 30 0
1x1/05131d 4 30 0
1x2/05131d 5 30 0
1x4/05131d 8 30 0
1x2/583927 9 30 0
1x1/9ba19d 10 30 0
1x2/583927 16 30 0
1x6/05131d 23 30 0
1x6/583927 24 30 0
1x1/9ba19d 26 30 0
1x2/05131d 29 30 0
1x3/237841 30 30 0
1x1/6d6e5c 31 30 0
1x1/b4d2e3 32 30 0
1x1/55a5af 36 30 0
1x5/05131d 43 30 0
1x5/1b2a34 46 30 0
1x12/237841 56 30 0
1x12/237841 63 30 0
3x3/583927 0 31 0
2x6/583927 3 31 0
2x4/583927 6 31 0
1x10/c2dab8 10 31 0
1x1/583927 26 31 0
1x2/1b2a34 31 31 0
1x2/237841 32 31 0
1x1/55a5af 33 31 0
3x3/55a5af 34 31 0
1x3/05131d 40 31 0
1x2/583927 5 32 0
1x1/9ba19d 9 32 0
1x6/fc97ac 13 32 0
1x4/6d6e5c 15 32 0
1x12/583927 16 32 0
1x12/05131d 18 32 0
1x1/05131d 20 32 0
1x3/05131d 21 32 0
1x2/05131d 26 32 0
1x1/237841 29 32 0
1x1/1b2a34 33 32 0
1x1/237841 38 32 0
1x10/c2dab8 9 33 0
1x1/05131d 19 33 0
1x12/1b2a34 20 33 0
1x2/6d6e5c 25 33 0
1x1/0a3463 29 33 0
2x3/008f9b 30 33 0
1x2/55a5af 32 33 0
1x2/55a5af 33 33 0
1x1/05131d 38 33 0
2x16/05131d 0 34 0
1x12/05131d 2 34 0
1x6/05131d 5 34 0
1x1/9ba19d 8 34 0
1x4/c870a0 14 34 0
1x12/05131d 17 34 0
1x2/583927 19 34 0
1x2/6d6e5c 26 34 0
1x1/05131d 29 34 0
1x1/55a5af 34 34 0
1x1/55a5af 35 34 0
1x1/55a5af 36 34 0
1x1/05131d 38 34 0
1x3/6d6e5c 40 34 0
1x4/05131d 42 34 0
1x3/05131d 6 35 0
1x1/05131d 7 35 0
1x12/c2dab8 8 35 0
1x1/05131d 21 35 0
1x3/583927 25 35 0
1x1/05131d 27 35 0
1x3/05131d 29 35 0
1x2/008f9b 32 35 0
1x3/008f9b 33 35 0
1x2/6c6e68 34 35 0
1x2/3f3691 35 35 0
1x1/1b2a34 36 35 0
1x1/237841 37 35 0
1x2/583927 38 35 0
1x1/05131d 39 35 0
1x6/05131d 43 35 0
1x10/3f3691 46 35 0
1x10/3f3691 50 35 0
1x10/3f3691 53 35 0
1x1/c870a0 7 36 0
1x4/583927 15 36 0
1x8/0a3463 19 36 0
1x10/0a3463 21 36 0
1x4/05131d 23 36 0
1x1/583927 24 36 0
2x4/583927 26 36 0
1x2/05131d 28 36 0
1x3/05131d 30 36 0
1x1/237841 31 36 0
1x1/6d6e5c 36 36 0
1x1/05131d 37 36 0
1x1/237841 39 36 0
1x10/05131d 41 36 0
1x1/05131d 45 36 0
1x12/05131d 3 37 0
1x6/05131d 4 37 0
1x6/c2dab8 7 37 0
1x3/b4d2e3 11 37 0
1x3/fc97ac 12 37 0
1x1/05131d 22 37 0
1x4/05131d 24 37 0
1x2/05131d 31 37 0
1x8/05131d 32 37 0
1x1/583927 34 37 0
1x1/05131d 35 37 0
1x2/05131d 36 37 0
1x2/583927 37 37 0
1x2/583927 38 37 0
1x1/6d6e5c 39 37 0
1x3/05131d 40 37 0
1x1/05131d 45 37 0
1x8/3f3691 49 37 0
1x8/c2dab8 6 38 0
1x6/c870a0 13 38 0
1x6/6d6e5c 14 38 0
1x1/05131d 22 38 0
1x4/05131d 25 38 0
2x3/583927 28 38 0
1x8/05131d 33 38 0
1x12/05131d 34 38 0
1x1/05131d 35 38 0
1x3/05131d 39 38 0
1x4/05131d 42 38 0
1x1/05131d 44 38 0
1x6/3f3691 45 38 0
1x12/0a3463 62 38 0
1x8/0a3463 22 39 0
1x1/583927 30 39 0
1x1/583927 31 39 0
1x1/6d6e5c 35 39 0
1x1/237841 36 39 0
2x10/05131d 37 39 0
1x12/237841 44 39 0
1x12/3f3691 57 39 0
1x1/9ba19d 5 40 0
1x6/fc97ac 11 40 0
1x6/c870a0 12 40 0
1x12/583927 15 40 0
1x8/0a3463 23 40 0
2x3/05131d 26 40 0
1x1/05131d 30 40 0
1x6/05131d 31 40 0
1x10/05131d 35 40 0
1x4/05131d 36 40 0
1x6/05131d 40 40 0
1x12/fc97ac 5 41 0
1x3/fc97ac 10 41 0
1x8/0a3463 24 41 0
1x3/05131d 28 41 0
1x1/05131d 29 41 0
1x1/583927 30 41 0
1x4/05131d 39 41 0
1x3/3f3691 43 41 0
2x16/0a3463 60 41 0
1x6/0a3463 25 42 0
1x2/05131d 29 42 0
1x3/05131d 30 42 0
1x1/6c6e68 42 42 0
2x16/237841 51 42 0
1x12/0a3463 56 42 0
2x14/0a3463 58 42 0
1x12/0a3463 63 42 0
1x1/05131d 4 43 0
1x12/fc97ac 7 43 0
1x10/fc97ac 9 43 0
1x5/3f3691 26 43 0
1x1/05131d 27 43 0
1x4/05131d 42 43 0
1x3/237841 4 44 0
1x10/c870a0 10 44 0
1x3/6d6e5c 13 44 0
1x3/583927 14 44 0
1x12/05131d 16 44 0
1x12/05131d 18 44 0
1x1/1b2a34 19 44 0
2x3/0a3463 27 44 0
1x2/05131d 29 44 0
1x6/05131d 36 44 0
1x3/05131d 43 44 0
1x12/237841 45 44 0
1x2/3f3691 47 44 0
1x2/3f3691 48 44 0
2x16/3f3691 54 44 0
1x12/05131d 19 45 0
1x1/1b2a34 20 45 0
1x2/05131d 30 45 0
1x2/05131d 32 45 0
1x3/05131d 39 45 0
1x3/1b2a34 46 45 0
2x8/1b2a34 49 45 0
1x8/0a3463 53 45 0
1x6/05131d 2 46 0
1x12/fc97ac 6 46 0
1x6/c870a0 11 46 0
1x3/958a73 12 46 0
1x12/05131d 17 46 0
1x12/05131d 20 46 0
1x1/1b2a34 21 46 0
1x2/05131d 29 46 0
1x1/05131d 31 46 0
1x6/05131d 33 46 0
1x2/05131d 40 46 0
1x1/05131d 41 46 0
1x2/1b2a34 47 46 0
1x6/1b2a34 48 46 0
1x2/9ba19d 4 47 0
1x6/fc97ac 8 47 0
1x12/583927 13 47 0
1x12/583927 14 47 0
1x12/05131d 21 47 0
1x1/1b2a34 22 47 0
1x1/1b2a34 27 47 0
1x6/05131d 28 47 0
1x1/583927 30 47 0
1x3/c870a0 31 47 0
1x2/c870a0 32 47 0
1x2/237841 41 47 0
2x16/237841 42 47 0
1x12/05131d 22 48 0
1x1/1b2a34 23 48 0
1x1/0a3463 25 48 0
1x6/1b2a34 26 48 0
1x5/05131d 27 48 0
1x10/583927 29 48 0
1x1/583927 30 48 0
2x16/237841 39 48 0
2x14/3f3691 46 48 0
1x2/05131d 3 49 0
1x12/fc97ac 4 49 0
1x12/6d6e5c 12 49 0
2x8/05131d 23 49 0
1x1/05131d 25 49 0
1x2/9ba19d 30 49 0
1x1/583927 32 49 0
1x1/583927 37 49 0
1x8/3f3691 38 49 0
1x12/6d6e5c 41 49 0
2x8/05131d 0 50 0
1x12/05131d 25 50 0
1x1/6d6e5c 31 50 0
1x4/583927 32 50 0
1x2/05131d 34 50 0
1x1/05131d 35 50 0
1x1/583927 36 50 0
1x12/237841 37 50 0
1x6/1b2a34 62 50 0
1x1/583927 3 51 0
1x1/583927 30 51 0
1x1/583927 31 51 0
2x12/237841 35 51 0
1x12/237841 44 51 0
1x6/237841 57 51 0
1x4/05131d 2 52 0
1x2/6d6e5c 3 52 0
1x3/958a73 11 52 0
1x8/583927 15 52 0
1x6/583927 30 52 0
1x3/05131d 31 52 0
1x1/05131d 33 52 0
1x12/237841 34 52 0
1x12/237841 48 52 0
1x10/fc97ac 5 53 0
1x3/fc97ac 8 53 0
1x5/c870a0 9 53 0
1x1/6d6e5c 27 53 0
1x1/583927 28 53 0
1x10/237841 33 53 0
2x10/237841 49 53 0
1x10/237841 53 53 0
1x2/9ba19d 3 54 0
1x2/6d6e5c 10 54 0
2x6/05131d 26 54 0
1x5/05131d 28 54 0
1x10/237841 32 54 0
1x10/237841 56 54 0
1x10/237841 63 54 0
1x6/fc97ac 7 55 0
1x6/6d6e5c 11 55 0
1x8/237841 31 55 0
1x1/583927 2 56 0
1x8/fc97ac 3 56 0
1x8/958a73 8 56 0
1x5/6d6e5c 10 56 0
1x4/05131d 16 56 0
1x3/05131d 18 56 0
1x8/237841 45 56 0
2x8/237841 58 56 0
1x8/237841 62 56 0
1x2/6d6e5c 2 57 0
1x2/05131d 19 57 0
2x6/05131d 23 57 0
1x6/237841 38 57 0
1x6/237841 57 57 0
2x6/237841 60 57 0
1x3/237841 0 58 0
1x2/583927 1 58 0
1x6/fc97ac 6 58 0
1x2/6d6e5c 9 58 0
1x1/05131d 17 58 0
1x6/05131d 20 58 0
2x6/237841 29 58 0
2x6/237841 51 58 0
1x5/e4cd9e 2 59 0
2x4/583927 13 59 0
3x3/583927 17 59 0
1x5/05131d 21 59 0
1x5/237841 28 59 0
1x1/958a73 1 60 0
1x4/958a73 9 60 0
2x4/583927 15 60 0
1x4/05131d 22 60 0
1x2/05131d 26 60 0
1x4/237841 27 60 0
2x4/237841 54 60 0
1x1/b4d2e3 0 61 0
1x2/583927 1 61 0
1x3/fc97ac 4 61 0
1x3/d09168 7 61 0
2x3/958a73 10 61 0
1x3/6d6e5c 12 61 0
1x3/237841 41 61 0
1x2/583927 0 62 0
1x2/583927 17 62 0
1x2/583927 18 62 0
1x2/05131d 19 62 0
1x2/05131d 25 62 0
1x2/237841 26 62 0
1x2/237841 37 62 0
1x2/6d6e5c 46 62 0
1x2/237841 47 62 0
1x1/958a73 1 63 0
1x1/fc97ac 5 63 0
1x1/6d6e5c 13 63 0
1x1/6d6e5c 14 63 0
1x1/05131d 23 63 0
1x1/05131d 24 63 0
1x1/237841 31 63 0
1x1/237841 33 63 0
1x1/237841 35 63 0
1x1/237841 36 63 0
1x1/237841 38 63 0
1x1/237841 42 63 0
1x1/237841 43 63 0
1x1/6d6e5c 44 63 0
1x1/6d6e5c 49 63 0
1x1/6d6e5c 50 63 0
1x1/237841 53 63 0
1x1/237841 57 63 0
1x1/237841 60 63 0
1x1/237841 61 63 0
